#============================================================================
# Opacities computed by OpTool        <a^n>=  1.0000E-1  1.0000E-1  1.0000E-1
# Method:   DHS  fmax=  0.800
# Parameters:
#   amin [um]=      0.100 amax [um]=      0.100  na  =    1    apow=   3.5    
#   lmin [um]=      8.000 lmax [um]=     13.000  nlam=  500    nang=   180
#   porosity =      0.000 p_mantle =      0.000  fmax= 0.80    chop=   0.0
# Composition:
#  Where   mfrac  rho   Material
#  -----   -----  ----  -----------------------------------------------------
#  core    1.000  3.27  for
#  - - -   - - -  -  -  - - - - - - - - - - - - - - - - - - - - - - - - - - -
#  grain   1.000  3.27  mixture of  1 materials
#----------------------------------------------------------------------------
# Command: ./optool for -a 0.1 -l 8 13 500
#============================================================================
# Standard output file, no scattering matrix
#    iformat
#    nlambda
#    lambda[um]  kabs [cm^2/g]  ksca [cm^2/g]    g_asymmetry
#============================================================================
           3
         500
   8.000000E+00   1.370109E+01   9.155294E-02   2.322154E-03
   8.007787E+00   1.379907E+01   9.045406E-02   2.316482E-03
   8.015583E+00   1.389774E+01   8.936587E-02   2.310825E-03
   8.023385E+00   1.399763E+01   8.827730E-02   2.305167E-03
   8.031195E+00   1.409890E+01   8.718523E-02   2.299500E-03
   8.039013E+00   1.420089E+01   8.610403E-02   2.293850E-03
   8.046839E+00   1.430493E+01   8.503028E-02   2.288208E-03
   8.054672E+00   1.440990E+01   8.396681E-02   2.282582E-03
   8.062513E+00   1.451609E+01   8.290613E-02   2.276958E-03
   8.070361E+00   1.462399E+01   8.183959E-02   2.271322E-03
   8.078217E+00   1.473269E+01   8.078399E-02   2.265701E-03
   8.086080E+00   1.484322E+01   7.973627E-02   2.260091E-03
   8.093952E+00   1.495487E+01   7.869849E-02   2.254495E-03
   8.101831E+00   1.506777E+01   7.766590E-02   2.248905E-03
   8.109717E+00   1.518285E+01   7.662585E-02   2.243300E-03
   8.117612E+00   1.529880E+01   7.559681E-02   2.237710E-03
   8.125514E+00   1.541678E+01   7.456224E-02   2.232109E-03
   8.133423E+00   1.553617E+01   7.353176E-02   2.226510E-03
   8.141341E+00   1.565677E+01   7.251176E-02   2.220927E-03
   8.149266E+00   1.577975E+01   7.149958E-02   2.215353E-03
   8.157198E+00   1.590370E+01   7.049845E-02   2.209794E-03
   8.165139E+00   1.602956E+01   6.950577E-02   2.204247E-03
   8.173087E+00   1.615694E+01   6.852264E-02   2.198713E-03
   8.181043E+00   1.628561E+01   6.754494E-02   2.193185E-03
   8.189007E+00   1.641722E+01   6.654269E-02   2.187610E-03
   8.196978E+00   1.654989E+01   6.555190E-02   2.182051E-03
   8.204957E+00   1.668483E+01   6.456997E-02   2.176503E-03
   8.212944E+00   1.682161E+01   6.359784E-02   2.170968E-03
   8.220939E+00   1.695975E+01   6.263439E-02   2.165445E-03
   8.228942E+00   1.710093E+01   6.166299E-02   2.159902E-03
   8.236952E+00   1.724329E+01   6.070310E-02   2.154375E-03
   8.244970E+00   1.738808E+01   5.975211E-02   2.148860E-03
   8.252996E+00   1.753485E+01   5.881094E-02   2.143358E-03
   8.261030E+00   1.768317E+01   5.787833E-02   2.137866E-03
   8.269072E+00   1.783486E+01   5.693870E-02   2.132356E-03
   8.277121E+00   1.798784E+01   5.601060E-02   2.126862E-03
   8.285178E+00   1.814381E+01   5.508058E-02   2.121359E-03
   8.293243E+00   1.830207E+01   5.415484E-02   2.115858E-03
   8.301316E+00   1.846211E+01   5.323742E-02   2.110367E-03
   8.309397E+00   1.862561E+01   5.231462E-02   2.104858E-03
   8.317486E+00   1.879056E+01   5.140374E-02   2.099366E-03
   8.325582E+00   1.895903E+01   5.049079E-02   2.093863E-03
   8.333687E+00   1.912994E+01   4.958368E-02   2.088365E-03
   8.341799E+00   1.930297E+01   4.868768E-02   2.082881E-03
   8.349919E+00   1.947962E+01   4.780039E-02   2.077407E-03
   8.358047E+00   1.965787E+01   4.692500E-02   2.071949E-03
   8.366183E+00   1.984015E+01   4.604674E-02   2.066478E-03
   8.374327E+00   2.002489E+01   4.517594E-02   2.061014E-03
   8.382479E+00   2.021234E+01   4.431136E-02   2.055555E-03
   8.390639E+00   2.040385E+01   4.344573E-02   2.050084E-03
   8.398807E+00   2.059718E+01   4.259237E-02   2.044631E-03
   8.406982E+00   2.079560E+01   4.172293E-02   2.039134E-03
   8.415166E+00   2.099649E+01   4.086149E-02   2.033643E-03
   8.423358E+00   2.120069E+01   4.001102E-02   2.028166E-03
   8.431557E+00   2.140885E+01   3.917068E-02   2.022701E-03
   8.439765E+00   2.161904E+01   3.834296E-02   2.017253E-03
   8.447980E+00   2.183537E+01   3.751034E-02   2.011784E-03
   8.456204E+00   2.205398E+01   3.669006E-02   2.006330E-03
   8.464435E+00   2.227696E+01   3.587299E-02   2.000873E-03
   8.472675E+00   2.250410E+01   3.506075E-02   1.995414E-03
   8.480923E+00   2.273406E+01   3.425952E-02   1.989969E-03
   8.489178E+00   2.297054E+01   3.345593E-02   1.984505E-03
   8.497442E+00   2.320946E+01   3.266554E-02   1.979059E-03
   8.505714E+00   2.345429E+01   3.186785E-02   1.973582E-03
   8.513993E+00   2.370323E+01   3.107472E-02   1.968101E-03
   8.522281E+00   2.395618E+01   3.029401E-02   1.962635E-03
   8.530577E+00   2.421546E+01   2.952365E-02   1.957180E-03
   8.538881E+00   2.447753E+01   2.876678E-02   1.951743E-03
   8.547193E+00   2.474749E+01   2.799919E-02   1.946263E-03
   8.555513E+00   2.502121E+01   2.724191E-02   1.940792E-03
   8.563841E+00   2.530065E+01   2.649125E-02   1.935321E-03
   8.572178E+00   2.558639E+01   2.574623E-02   1.929846E-03
   8.580522E+00   2.587576E+01   2.501371E-02   1.924385E-03
   8.588875E+00   2.617460E+01   2.427068E-02   1.918877E-03
   8.597235E+00   2.647688E+01   2.354245E-02   1.913388E-03
   8.605604E+00   2.678736E+01   2.281871E-02   1.907891E-03
   8.613981E+00   2.710384E+01   2.210491E-02   1.902399E-03
   8.622366E+00   2.742613E+01   2.140178E-02   1.896915E-03
   8.630760E+00   2.775759E+01   2.070307E-02   1.891420E-03
   8.639161E+00   2.809305E+01   2.001941E-02   1.885946E-03
   8.647571E+00   2.844011E+01   1.932914E-02   1.880426E-03
   8.655989E+00   2.879229E+01   1.865212E-02   1.874920E-03
   8.664415E+00   2.915361E+01   1.797839E-02   1.869396E-03
   8.672849E+00   2.952385E+01   1.730964E-02   1.863859E-03
   8.681292E+00   2.990021E+01   1.665490E-02   1.858335E-03
   8.689742E+00   3.028933E+01   1.600487E-02   1.852796E-03
   8.698201E+00   3.068350E+01   1.537115E-02   1.847279E-03
   8.706668E+00   3.109122E+01   1.473667E-02   1.841725E-03
   8.715144E+00   3.150666E+01   1.411448E-02   1.836177E-03
   8.723627E+00   3.193266E+01   1.350013E-02   1.830620E-03
   8.732119E+00   3.237122E+01   1.289118E-02   1.825042E-03
   8.740619E+00   3.281672E+01   1.229811E-02   1.819482E-03
   8.749128E+00   3.328006E+01   1.170415E-02   1.813876E-03
   8.757644E+00   3.374995E+01   1.112816E-02   1.808293E-03
   8.766169E+00   3.423673E+01   1.055632E-02   1.802679E-03
   8.774703E+00   3.473451E+01   9.997750E-03   1.797068E-03
   8.783244E+00   3.524531E+01   9.450687E-03   1.791452E-03
   8.791794E+00   3.577318E+01   8.911360E-03   1.785813E-03
   8.800352E+00   3.630967E+01   8.390282E-03   1.780196E-03
   8.808919E+00   3.687051E+01   7.872071E-03   1.774530E-03
   8.817494E+00   3.744006E+01   7.373445E-03   1.768889E-03
   8.826077E+00   3.803226E+01   6.878932E-03   1.763199E-03
   8.834669E+00   3.863966E+01   6.398590E-03   1.757504E-03
   8.843269E+00   3.926488E+01   5.930933E-03   1.751796E-03
   8.851877E+00   3.991365E+01   5.472006E-03   1.746048E-03
   8.860494E+00   4.057455E+01   5.033446E-03   1.740321E-03
   8.869119E+00   4.126903E+01   4.599164E-03   1.734521E-03
   8.877752E+00   4.197549E+01   4.187441E-03   1.728749E-03
   8.886394E+00   4.271361E+01   3.788837E-03   1.722946E-03
   8.895045E+00   4.347180E+01   3.410064E-03   1.717151E-03
   8.903703E+00   4.425682E+01   3.046077E-03   1.711326E-03
   8.912371E+00   4.507423E+01   2.695496E-03   1.705454E-03
   8.921046E+00   4.591103E+01   2.367709E-03   1.699598E-03
   8.929730E+00   4.679438E+01   2.053266E-03   1.693677E-03
   8.938423E+00   4.769490E+01   1.764368E-03   1.687787E-03
   8.947124E+00   4.864541E+01   1.487575E-03   1.681793E-03
   8.955833E+00   4.962241E+01   1.235364E-03   1.675802E-03
   8.964551E+00   5.064259E+01   1.005805E-03   1.669786E-03
   8.973278E+00   5.170581E+01   8.004560E-04   1.663749E-03
   8.982013E+00   5.280430E+01   6.212043E-04   1.657708E-03
   8.990756E+00   5.396966E+01   4.642585E-04   1.651573E-03
   8.999508E+00   5.516112E+01   3.379432E-04   1.645475E-03
   9.008268E+00   5.643719E+01   2.378342E-04   1.639277E-03
   9.017037E+00   5.774678E+01   1.698079E-04   1.633110E-03
   9.025815E+00   5.913590E+01   1.325317E-04   1.626844E-03
   9.034601E+00   6.058445E+01   1.295387E-04   1.620549E-03
   9.043395E+00   6.210398E+01   1.625344E-04   1.614220E-03
   9.052199E+00   6.371926E+01   2.345371E-04   1.607815E-03
   9.061010E+00   6.538930E+01   3.451855E-04   1.601427E-03
   9.069831E+00   6.719851E+01   5.035254E-04   1.594886E-03
   9.078659E+00   6.905886E+01   7.030477E-04   1.588393E-03
   9.087497E+00   7.108576E+01   9.593830E-04   1.581736E-03
   9.096343E+00   7.319455E+01   1.263652E-03   1.575092E-03
   9.105198E+00   7.546269E+01   1.629679E-03   1.568336E-03
   9.114061E+00   7.787215E+01   2.056987E-03   1.561521E-03
   9.122933E+00   8.042936E+01   2.547899E-03   1.554657E-03
   9.131814E+00   8.321710E+01   3.121685E-03   1.547641E-03
   9.140703E+00   8.612503E+01   3.755775E-03   1.540658E-03
   9.149601E+00   8.939025E+01   4.506871E-03   1.533404E-03
   9.158507E+00   9.278287E+01   5.321128E-03   1.526218E-03
   9.167422E+00   9.661314E+01   6.275362E-03   1.518750E-03
   9.176346E+00   1.006705E+02   7.317417E-03   1.511287E-03
   9.185279E+00   1.051973E+02   8.508724E-03   1.503607E-03
   9.194220E+00   1.101476E+02   9.836978E-03   1.495809E-03
   9.203170E+00   1.155877E+02   1.131600E-02   1.487883E-03
   9.212129E+00   1.217848E+02   1.301411E-02   1.479665E-03
   9.221096E+00   1.284532E+02   1.484734E-02   1.471454E-03
   9.230072E+00   1.364740E+02   1.703655E-02   1.462703E-03
   9.239057E+00   1.450127E+02   1.935343E-02   1.454068E-03
   9.248051E+00   1.556796E+02   2.217876E-02   1.444715E-03
   9.257053E+00   1.673575E+02   2.521418E-02   1.435404E-03
   9.266064E+00   1.819889E+02   2.886190E-02   1.425402E-03
   9.275084E+00   1.990355E+02   3.295027E-02   1.415168E-03
   9.284113E+00   2.203722E+02   3.775455E-02   1.404348E-03
   9.293150E+00   2.476166E+02   4.346284E-02   1.392837E-03
   9.302197E+00   2.812001E+02   4.991535E-02   1.381049E-03
   9.311252E+00   3.298878E+02   5.808462E-02   1.367976E-03
   9.320316E+00   3.876958E+02   6.691487E-02   1.355123E-03
   9.329388E+00   4.751858E+02   7.718696E-02   1.342004E-03
   9.338470E+00   5.820667E+02   8.858092E-02   1.328929E-03
   9.347560E+00   6.958867E+02   9.738037E-02   1.319404E-03
   9.356660E+00   8.265877E+02   1.066055E-01   1.310350E-03
   9.365768E+00   9.422301E+02   1.132700E-01   1.303926E-03
   9.374885E+00   1.048477E+03   1.185586E-01   1.298993E-03
   9.384011E+00   1.146070E+03   1.231561E-01   1.294850E-03
   9.393145E+00   1.225901E+03   1.263231E-01   1.291877E-03
   9.402289E+00   1.303691E+03   1.295835E-01   1.289058E-03
   9.411441E+00   1.365444E+03   1.317707E-01   1.286958E-03
   9.420603E+00   1.428354E+03   1.343003E-01   1.284838E-03
   9.429773E+00   1.478062E+03   1.360104E-01   1.283149E-03
   9.438952E+00   1.529099E+03   1.380368E-01   1.281433E-03
   9.448141E+00   1.571703E+03   1.395948E-01   1.279914E-03
   9.457338E+00   1.613983E+03   1.413019E-01   1.278405E-03
   9.466544E+00   1.651644E+03   1.428084E-01   1.276963E-03
   9.475759E+00   1.687772E+03   1.443372E-01   1.275541E-03
   9.484983E+00   1.721453E+03   1.458074E-01   1.274134E-03
   9.494216E+00   1.753042E+03   1.472272E-01   1.272737E-03
   9.503458E+00   1.783526E+03   1.486749E-01   1.271331E-03
   9.512709E+00   1.811707E+03   1.500330E-01   1.269917E-03
   9.521969E+00   1.839612E+03   1.514685E-01   1.268489E-03
   9.531238E+00   1.865134E+03   1.527853E-01   1.267041E-03
   9.540516E+00   1.890917E+03   1.542117E-01   1.265580E-03
   9.549803E+00   1.914313E+03   1.555018E-01   1.264083E-03
   9.559099E+00   1.938084E+03   1.569000E-01   1.262573E-03
   9.568404E+00   1.960006E+03   1.581974E-01   1.261020E-03
   9.577719E+00   1.982028E+03   1.595678E-01   1.259451E-03
   9.587042E+00   2.002788E+03   1.608784E-01   1.257842E-03
   9.596374E+00   2.023337E+03   1.622239E-01   1.256212E-03
   9.605716E+00   2.043088E+03   1.635463E-01   1.254543E-03
   9.615066E+00   2.062420E+03   1.648767E-01   1.252846E-03
   9.624426E+00   2.081272E+03   1.662065E-01   1.251116E-03
   9.633795E+00   2.099533E+03   1.675200E-01   1.249354E-03
   9.643173E+00   2.117571E+03   1.688530E-01   1.247562E-03
   9.652560E+00   2.134902E+03   1.701535E-01   1.245729E-03
   9.661956E+00   2.152202E+03   1.714881E-01   1.243873E-03
   9.671361E+00   2.168699E+03   1.727766E-01   1.241967E-03
   9.680775E+00   2.185318E+03   1.741101E-01   1.240044E-03
   9.690199E+00   2.201064E+03   1.753850E-01   1.238067E-03
   9.699632E+00   2.217010E+03   1.767091E-01   1.236078E-03
   9.709074E+00   2.232073E+03   1.779720E-01   1.234026E-03
   9.718525E+00   2.247273E+03   1.792744E-01   1.231962E-03
   9.727985E+00   2.261786E+03   1.805344E-01   1.229836E-03
   9.737455E+00   2.276304E+03   1.818178E-01   1.227691E-03
   9.746934E+00   2.290257E+03   1.830685E-01   1.225488E-03
   9.756422E+00   2.304089E+03   1.843277E-01   1.223260E-03
   9.765919E+00   2.317463E+03   1.855636E-01   1.220976E-03
   9.775425E+00   2.330604E+03   1.867954E-01   1.218656E-03
   9.784941E+00   2.343384E+03   1.880124E-01   1.216285E-03
   9.794466E+00   2.355825E+03   1.892144E-01   1.213866E-03
   9.804000E+00   2.367986E+03   1.904090E-01   1.211397E-03
   9.813544E+00   2.379701E+03   1.915798E-01   1.208864E-03
   9.823097E+00   2.391189E+03   1.927461E-01   1.206287E-03
   9.832659E+00   2.402085E+03   1.938765E-01   1.203623E-03
   9.842230E+00   2.412823E+03   1.950074E-01   1.200923E-03
   9.851811E+00   2.422852E+03   1.960976E-01   1.198105E-03
   9.861401E+00   2.432774E+03   1.971903E-01   1.195261E-03
   9.871001E+00   2.441789E+03   1.982328E-01   1.192256E-03
   9.880609E+00   2.450759E+03   1.992794E-01   1.189239E-03
   9.890228E+00   2.458607E+03   2.002729E-01   1.186000E-03
   9.899855E+00   2.466462E+03   2.012696E-01   1.182768E-03
   9.909492E+00   2.472958E+03   2.022183E-01   1.179227E-03
   9.919138E+00   2.479413E+03   2.031649E-01   1.175694E-03
   9.928794E+00   2.484420E+03   2.040876E-01   1.171779E-03
   9.938459E+00   2.489238E+03   2.050026E-01   1.167845E-03
   9.948133E+00   2.492434E+03   2.059304E-01   1.163410E-03
   9.957817E+00   2.495253E+03   2.068524E-01   1.158909E-03
   9.967510E+00   2.496382E+03   2.078786E-01   1.153722E-03
   9.977213E+00   2.496929E+03   2.089252E-01   1.148381E-03
   9.986925E+00   2.495822E+03   2.102593E-01   1.142039E-03
   9.996647E+00   2.493933E+03   2.116953E-01   1.135373E-03
   1.000638E+01   2.491054E+03   2.138532E-01   1.127129E-03
   1.001612E+01   2.487429E+03   2.163477E-01   1.118210E-03
   1.002587E+01   2.485592E+03   2.206522E-01   1.106590E-03
   1.003563E+01   2.483854E+03   2.259032E-01   1.093578E-03
   1.004540E+01   2.491633E+03   2.353743E-01   1.076229E-03
   1.005518E+01   2.498007E+03   2.466373E-01   1.057012E-03
   1.006496E+01   2.506740E+03   2.621097E-01   1.038416E-03
   1.007476E+01   2.483131E+03   2.809914E-01   1.025967E-03
   1.008457E+01   2.464241E+03   3.127533E-01   1.020950E-03
   1.009439E+01   2.550763E+03   3.902831E-01   1.003329E-03
   1.010421E+01   2.846818E+03   5.345338E-01   9.621113E-04
   1.011405E+01   3.464350E+03   7.637078E-01   8.988260E-04
   1.012389E+01   4.387515E+03   1.074837E+00   8.254184E-04
   1.013375E+01   5.475933E+03   1.369420E+00   7.807599E-04
   1.014361E+01   6.270037E+03   1.514951E+00   7.864309E-04
   1.015349E+01   6.477934E+03   1.408787E+00   8.526723E-04
   1.016337E+01   6.283615E+03   1.234613E+00   9.359504E-04
   1.017326E+01   5.712734E+03   9.861042E-01   1.021228E-03
   1.018317E+01   5.224037E+03   8.162733E-01   1.092999E-03
   1.019308E+01   4.829597E+03   6.925132E-01   1.131943E-03
   1.020300E+01   4.493049E+03   5.975295E-01   1.164356E-03
   1.021293E+01   4.225945E+03   5.268439E-01   1.185258E-03
   1.022287E+01   3.970773E+03   4.636388E-01   1.202639E-03
   1.023283E+01   3.715188E+03   4.029043E-01   1.213517E-03
   1.024279E+01   3.494985E+03   3.529456E-01   1.217394E-03
   1.025276E+01   3.324981E+03   3.136240E-01   1.207211E-03
   1.026274E+01   3.193754E+03   2.849965E-01   1.194523E-03
   1.027273E+01   3.147437E+03   2.738957E-01   1.175753E-03
   1.028273E+01   3.112399E+03   2.666086E-01   1.158237E-03
   1.029274E+01   3.112831E+03   2.668026E-01   1.141663E-03
   1.030276E+01   3.113627E+03   2.679761E-01   1.125993E-03
   1.031279E+01   3.120152E+03   2.708925E-01   1.111156E-03
   1.032283E+01   3.124726E+03   2.744140E-01   1.096174E-03
   1.033287E+01   3.127255E+03   2.790724E-01   1.079914E-03
   1.034293E+01   3.131346E+03   2.861485E-01   1.061886E-03
   1.035300E+01   3.140195E+03   2.989033E-01   1.039054E-03
   1.036308E+01   3.170026E+03   3.219497E-01   1.012546E-03
   1.037317E+01   3.254644E+03   3.739239E-01   9.753275E-04
   1.038326E+01   3.431711E+03   4.640896E-01   9.331893E-04
   1.039337E+01   3.985241E+03   6.924241E-01   8.594767E-04
   1.040349E+01   5.002221E+03   1.099107E+00   7.641762E-04
   1.041362E+01   6.443711E+03   1.613325E+00   6.972998E-04
   1.042375E+01   7.419239E+03   1.918393E+00   6.986967E-04
   1.043390E+01   7.393773E+03   1.726450E+00   7.939623E-04
   1.044406E+01   6.874330E+03   1.450783E+00   8.999260E-04
   1.045422E+01   6.061382E+03   1.106876E+00   9.954487E-04
   1.046440E+01   5.495063E+03   9.075741E-01   1.060670E-03
   1.047459E+01   5.157943E+03   7.889098E-01   1.083806E-03
   1.048478E+01   4.919502E+03   7.098483E-01   1.097160E-03
   1.049499E+01   4.775983E+03   6.621629E-01   1.100725E-03
   1.050520E+01   4.670584E+03   6.277873E-01   1.101732E-03
   1.051543E+01   4.599802E+03   6.044439E-01   1.100482E-03
   1.052567E+01   4.548020E+03   5.872558E-01   1.098439E-03
   1.053591E+01   4.511247E+03   5.747255E-01   1.095789E-03
   1.054617E+01   4.485661E+03   5.656459E-01   1.092853E-03
   1.055643E+01   4.467432E+03   5.587970E-01   1.089736E-03
   1.056671E+01   4.456656E+03   5.541797E-01   1.086517E-03
   1.057700E+01   4.449827E+03   5.507387E-01   1.083250E-03
   1.058729E+01   4.448101E+03   5.488038E-01   1.079960E-03
   1.059760E+01   4.448478E+03   5.474897E-01   1.076667E-03
   1.060791E+01   4.453140E+03   5.474356E-01   1.073390E-03
   1.061824E+01   4.459117E+03   5.477680E-01   1.070122E-03
   1.062858E+01   4.468161E+03   5.489932E-01   1.066856E-03
   1.063892E+01   4.477865E+03   5.504109E-01   1.063595E-03
   1.064928E+01   4.490472E+03   5.526876E-01   1.060358E-03
   1.065965E+01   4.503463E+03   5.550808E-01   1.057126E-03
   1.067002E+01   4.518860E+03   5.581871E-01   1.053901E-03
   1.068041E+01   4.534495E+03   5.613702E-01   1.050676E-03
   1.069081E+01   4.552343E+03   5.652149E-01   1.047447E-03
   1.070121E+01   4.570447E+03   5.691504E-01   1.044221E-03
   1.071163E+01   4.589974E+03   5.735417E-01   1.041027E-03
   1.072206E+01   4.609948E+03   5.780830E-01   1.037826E-03
   1.073249E+01   4.631484E+03   5.831069E-01   1.034603E-03
   1.074294E+01   4.653494E+03   5.883007E-01   1.031378E-03
   1.075340E+01   4.676569E+03   5.938497E-01   1.028152E-03
   1.076387E+01   4.700336E+03   5.996379E-01   1.024910E-03
   1.077434E+01   4.725222E+03   6.057975E-01   1.021642E-03
   1.078483E+01   4.750802E+03   6.122167E-01   1.018372E-03
   1.079533E+01   4.777178E+03   6.189343E-01   1.015101E-03
   1.080584E+01   4.804304E+03   6.259303E-01   1.011809E-03
   1.081636E+01   4.832056E+03   6.331734E-01   1.008497E-03
   1.082689E+01   4.860948E+03   6.408233E-01   1.005144E-03
   1.083743E+01   4.890509E+03   6.487442E-01   1.001764E-03
   1.084798E+01   4.921285E+03   6.571248E-01   9.983561E-04
   1.085854E+01   4.952544E+03   6.657394E-01   9.949329E-04
   1.086911E+01   4.985074E+03   6.748317E-01   9.914475E-04
   1.087969E+01   5.017927E+03   6.841170E-01   9.879435E-04
   1.089028E+01   5.052436E+03   6.940498E-01   9.843941E-04
   1.090088E+01   5.087253E+03   7.041914E-01   9.808266E-04
   1.091149E+01   5.123543E+03   7.149231E-01   9.771820E-04
   1.092211E+01   5.160344E+03   7.259482E-01   9.735055E-04
   1.093274E+01   5.198778E+03   7.376431E-01   9.697378E-04
   1.094338E+01   5.237899E+03   7.497218E-01   9.659342E-04
   1.095404E+01   5.278325E+03   7.624117E-01   9.620691E-04
   1.096470E+01   5.319811E+03   7.756445E-01   9.581471E-04
   1.097537E+01   5.362603E+03   7.895275E-01   9.541555E-04
   1.098606E+01   5.406906E+03   8.041332E-01   9.500575E-04
   1.099675E+01   5.452407E+03   8.193806E-01   9.458716E-04
   1.100746E+01   5.499751E+03   8.355353E-01   9.415680E-04
   1.101817E+01   5.547987E+03   8.522873E-01   9.371985E-04
   1.102890E+01   5.598478E+03   8.701669E-01   9.326820E-04
   1.103963E+01   5.649549E+03   8.885921E-01   9.281129E-04
   1.105038E+01   5.703731E+03   9.085553E-01   9.233371E-04
   1.106114E+01   5.758556E+03   9.291631E-01   9.184939E-04
   1.107190E+01   5.816928E+03   9.515569E-01   9.133723E-04
   1.108268E+01   5.876322E+03   9.748556E-01   9.081565E-04
   1.109347E+01   5.938536E+03   9.998507E-01   9.027304E-04
   1.110427E+01   6.002845E+03   1.026295E+00   8.971090E-04
   1.111508E+01   6.070311E+03   1.054711E+00   8.912065E-04
   1.112590E+01   6.140535E+03   1.085087E+00   8.850628E-04
   1.113673E+01   6.213053E+03   1.117340E+00   8.787005E-04
   1.114757E+01   6.290110E+03   1.152564E+00   8.719176E-04
   1.115842E+01   6.369120E+03   1.189787E+00   8.649024E-04
   1.116928E+01   6.454598E+03   1.231278E+00   8.572791E-04
   1.118015E+01   6.541219E+03   1.274798E+00   8.494552E-04
   1.119104E+01   6.636386E+03   1.324225E+00   8.408044E-04
   1.120193E+01   6.733317E+03   1.376570E+00   8.318515E-04
   1.121284E+01   6.839234E+03   1.435974E+00   8.219482E-04
   1.122375E+01   6.949374E+03   1.500512E+00   8.114537E-04
   1.123468E+01   7.067854E+03   1.573148E+00   7.999508E-04
   1.124561E+01   7.194668E+03   1.654848E+00   7.873574E-04
   1.125656E+01   7.329021E+03   1.746330E+00   7.736574E-04
   1.126752E+01   7.477821E+03   1.853564E+00   7.580450E-04
   1.127849E+01   7.631750E+03   1.972484E+00   7.412778E-04
   1.128946E+01   7.809777E+03   2.119933E+00   7.211944E-04
   1.130045E+01   7.989698E+03   2.283247E+00   6.997749E-04
   1.131145E+01   8.206116E+03   2.498338E+00   6.727188E-04
   1.132247E+01   8.427320E+03   2.747926E+00   6.427495E-04
   1.133349E+01   8.681235E+03   3.079338E+00   6.049851E-04
   1.134452E+01   8.940785E+03   3.498942E+00   5.596776E-04
   1.135556E+01   9.196868E+03   4.052637E+00   5.023439E-04
   1.136662E+01   9.340091E+03   4.751815E+00   4.288093E-04
   1.137768E+01   9.299738E+03   5.567068E+00   3.330230E-04
   1.138876E+01   8.582985E+03   6.025598E+00   2.120226E-04
   1.139984E+01   7.424184E+03   6.135257E+00   3.953721E-05
   1.141094E+01   5.716839E+03   5.247961E+00  -1.455399E-04
   1.142205E+01   4.340958E+03   4.415258E+00  -3.220457E-04
   1.143317E+01   3.366326E+03   3.624463E+00  -2.549896E-04
   1.144430E+01   2.683687E+03   3.066832E+00   1.827948E-04
   1.145544E+01   2.140055E+03   2.648410E+00   1.191687E-03
   1.146659E+01   1.747693E+03   2.269877E+00   2.750129E-03
   1.147775E+01   1.299564E+03   2.005249E+00   4.162831E-03
   1.148892E+01   1.057664E+03   1.776918E+00   4.415618E-03
   1.150011E+01   8.550658E+02   1.581736E+00   4.221249E-03
   1.151130E+01   7.514674E+02   1.431442E+00   3.883214E-03
   1.152251E+01   6.583309E+02   1.299013E+00   3.572980E-03
   1.153372E+01   5.928811E+02   1.194093E+00   3.326119E-03
   1.154495E+01   5.373410E+02   1.101758E+00   3.115823E-03
   1.155619E+01   4.925948E+02   1.022752E+00   2.942201E-03
   1.156744E+01   4.560933E+02   9.544176E-01   2.797199E-03
   1.157870E+01   4.241631E+02   8.922417E-01   2.669513E-03
   1.158997E+01   3.993952E+02   8.392058E-01   2.563598E-03
   1.160125E+01   3.767938E+02   7.893114E-01   2.466476E-03
   1.161254E+01   3.596264E+02   7.459614E-01   2.383817E-03
   1.162385E+01   3.444719E+02   7.052584E-01   2.307662E-03
   1.163516E+01   3.326802E+02   6.683776E-01   2.239704E-03
   1.164649E+01   3.236278E+02   6.342425E-01   2.177604E-03
   1.165783E+01   3.164930E+02   6.022994E-01   2.120158E-03
   1.166917E+01   3.131050E+02   5.729753E-01   2.067780E-03
   1.168053E+01   3.106940E+02   5.449288E-01   2.018125E-03
   1.169190E+01   3.130713E+02   5.190891E-01   1.972432E-03
   1.170328E+01   3.170084E+02   4.942591E-01   1.928734E-03
   1.171468E+01   3.251667E+02   4.708414E-01   1.887469E-03
   1.172608E+01   3.372028E+02   4.484434E-01   1.847917E-03
   1.173749E+01   3.530339E+02   4.270196E-01   1.809942E-03
   1.174892E+01   3.764679E+02   4.066057E-01   1.773281E-03
   1.176036E+01   4.037281E+02   3.870122E-01   1.737794E-03
   1.177181E+01   4.440252E+02   3.686042E-01   1.703334E-03
   1.178326E+01   4.918593E+02   3.513046E-01   1.670012E-03
   1.179473E+01   5.551692E+02   3.356649E-01   1.637890E-03
   1.180622E+01   6.338100E+02   3.225350E-01   1.607998E-03
   1.181771E+01   7.306084E+02   3.120243E-01   1.579742E-03
   1.182921E+01   8.461250E+02   3.076510E-01   1.558001E-03
   1.184073E+01   9.796117E+02   3.071390E-01   1.538269E-03
   1.185225E+01   1.112015E+03   3.168349E-01   1.532270E-03
   1.186379E+01   1.242668E+03   3.317409E-01   1.531789E-03
   1.187534E+01   1.344821E+03   3.538698E-01   1.544499E-03
   1.188690E+01   1.403475E+03   3.788367E-01   1.567869E-03
   1.189847E+01   1.428393E+03   4.054877E-01   1.599705E-03
   1.191005E+01   1.379134E+03   4.267736E-01   1.640136E-03
   1.192165E+01   1.310246E+03   4.460061E-01   1.682688E-03
   1.193325E+01   1.190456E+03   4.544409E-01   1.720731E-03
   1.194487E+01   1.065850E+03   4.582044E-01   1.751640E-03
   1.195650E+01   9.354542E+02   4.553045E-01   1.771125E-03
   1.196813E+01   8.141910E+02   4.467331E-01   1.776908E-03
   1.197978E+01   7.059737E+02   4.370125E-01   1.775962E-03
   1.199145E+01   6.149418E+02   4.232680E-01   1.763474E-03
   1.200312E+01   5.373069E+02   4.103110E-01   1.748998E-03
   1.201480E+01   4.736084E+02   3.968663E-01   1.730986E-03
   1.202650E+01   4.206345E+02   3.840503E-01   1.712252E-03
   1.203821E+01   3.758473E+02   3.716981E-01   1.693085E-03
   1.204992E+01   3.395420E+02   3.601285E-01   1.674288E-03
   1.206165E+01   3.078183E+02   3.490908E-01   1.655845E-03
   1.207340E+01   2.818278E+02   3.388443E-01   1.638260E-03
   1.208515E+01   2.591294E+02   3.291341E-01   1.621291E-03
   1.209691E+01   2.395743E+02   3.199843E-01   1.605037E-03
   1.210869E+01   2.228515E+02   3.114206E-01   1.589596E-03
   1.212047E+01   2.077941E+02   3.031947E-01   1.574600E-03
   1.213227E+01   1.950764E+02   2.955820E-01   1.560531E-03
   1.214408E+01   1.835099E+02   2.882564E-01   1.546868E-03
   1.215590E+01   1.733099E+02   2.813229E-01   1.533799E-03
   1.216774E+01   1.642266E+02   2.747371E-01   1.521262E-03
   1.217958E+01   1.558917E+02   2.683836E-01   1.509070E-03
   1.219144E+01   1.486141E+02   2.624301E-01   1.497517E-03
   1.220331E+01   1.418452E+02   2.566575E-01   1.486233E-03
   1.221518E+01   1.357604E+02   2.511590E-01   1.475382E-03
   1.222708E+01   1.301935E+02   2.458782E-01   1.464872E-03
   1.223898E+01   1.250213E+02   2.407676E-01   1.454623E-03
   1.225089E+01   1.203808E+02   2.359033E-01   1.444771E-03
   1.226282E+01   1.160103E+02   2.311686E-01   1.435113E-03
   1.227475E+01   1.120202E+02   2.266319E-01   1.425775E-03
   1.228670E+01   1.083060E+02   2.222476E-01   1.416676E-03
   1.229866E+01   1.048195E+02   2.179931E-01   1.407778E-03
   1.231063E+01   1.016305E+02   2.139202E-01   1.399177E-03
   1.232262E+01   9.859932E+01   2.099465E-01   1.390726E-03
   1.233461E+01   9.579768E+01   2.061219E-01   1.382516E-03
   1.234662E+01   9.316051E+01   2.024080E-01   1.374481E-03
   1.235864E+01   9.066283E+01   1.987915E-01   1.366596E-03
   1.237067E+01   8.835162E+01   1.953027E-01   1.358920E-03
   1.238271E+01   8.614011E+01   1.918874E-01   1.351353E-03
   1.239477E+01   8.407522E+01   1.885742E-01   1.343949E-03
   1.240683E+01   8.211745E+01   1.853558E-01   1.336697E-03
   1.241891E+01   8.024813E+01   1.822181E-01   1.329571E-03
   1.243100E+01   7.850546E+01   1.791889E-01   1.322625E-03
   1.244310E+01   7.682896E+01   1.762205E-01   1.315770E-03
   1.245521E+01   7.524809E+01   1.733340E-01   1.309047E-03
   1.246733E+01   7.374372E+01   1.705202E-01   1.302440E-03
   1.247947E+01   7.229718E+01   1.677653E-01   1.295923E-03
   1.249162E+01   7.094328E+01   1.651021E-01   1.289560E-03
   1.250378E+01   6.963581E+01   1.624839E-01   1.283263E-03
   1.251595E+01   6.839341E+01   1.599187E-01   1.277047E-03
   1.252813E+01   6.720839E+01   1.574252E-01   1.270949E-03
   1.254033E+01   6.606208E+01   1.549833E-01   1.264932E-03
   1.255254E+01   6.498444E+01   1.526152E-01   1.259040E-03
   1.256476E+01   6.394181E+01   1.502821E-01   1.253197E-03
   1.257699E+01   6.294338E+01   1.479871E-01   1.247411E-03
   1.258923E+01   6.199207E+01   1.457650E-01   1.241749E-03
   1.260148E+01   6.106960E+01   1.435859E-01   1.236155E-03
   1.261375E+01   6.019459E+01   1.414479E-01   1.230625E-03
   1.262603E+01   5.934972E+01   1.393506E-01   1.225159E-03
   1.263832E+01   5.853475E+01   1.372939E-01   1.219757E-03
   1.265062E+01   5.776004E+01   1.352886E-01   1.214442E-03
   1.266294E+01   5.700712E+01   1.333185E-01   1.209181E-03
   1.267526E+01   5.628720E+01   1.313954E-01   1.204000E-03
   1.268760E+01   5.559467E+01   1.295057E-01   1.198871E-03
   1.269995E+01   5.492171E+01   1.276447E-01   1.193784E-03
   1.271232E+01   5.428312E+01   1.258231E-01   1.188764E-03
   1.272469E+01   5.366201E+01   1.240346E-01   1.183796E-03
   1.273708E+01   5.306450E+01   1.222860E-01   1.178896E-03
   1.274948E+01   5.249172E+01   1.205613E-01   1.174031E-03
   1.276189E+01   5.193390E+01   1.188622E-01   1.169205E-03
   1.277431E+01   5.140143E+01   1.172091E-01   1.164461E-03
   1.278674E+01   5.088571E+01   1.155846E-01   1.159763E-03
   1.279919E+01   5.038456E+01   1.139868E-01   1.155108E-03
   1.281165E+01   4.990879E+01   1.124124E-01   1.150488E-03
   1.282412E+01   4.944549E+01   1.108620E-01   1.145907E-03
   1.283661E+01   4.900005E+01   1.093414E-01   1.141376E-03
   1.284910E+01   4.857179E+01   1.078421E-01   1.136877E-03
   1.286161E+01   4.815397E+01   1.063651E-01   1.132414E-03
   1.287413E+01   4.775330E+01   1.049315E-01   1.128032E-03
   1.288666E+01   4.736685E+01   1.035104E-01   1.123664E-03
   1.289920E+01   4.699302E+01   1.021022E-01   1.119313E-03
   1.291176E+01   4.663504E+01   1.007269E-01   1.115022E-03
   1.292433E+01   4.628645E+01   9.937432E-02   1.110768E-03
   1.293691E+01   4.595169E+01   9.804861E-02   1.106561E-03
   1.294950E+01   4.563024E+01   9.674235E-02   1.102386E-03
   1.296211E+01   4.531709E+01   9.545101E-02   1.098233E-03
   1.297473E+01   4.501931E+01   9.416946E-02   1.094091E-03
   1.298736E+01   4.473052E+01   9.291947E-02   1.090008E-03
   1.300000E+01   4.444853E+01   9.169546E-02   1.085972E-03
