#============================================================================
# Opacities computed by OpTool        <a^n>=  1.0000E+0  1.0000E+0  1.0000E+0
# Method:   DHS  fmax=  0.800
# Parameters:
#   amin [um]=      1.000 amax [um]=      1.000  na  =    1    apow=   3.5    
#   lmin [um]=      0.100 lmax [um]=     20.000  nlam=  500    nang=   180
#   porosity =      0.000 p_mantle =      0.000  fmax= 0.80    chop=   0.0
# Composition:
#  Where   mfrac  rho   Material
#  -----   -----  ----  -----------------------------------------------------
#  core    1.000  3.27  for
#  - - -   - - -  -  -  - - - - - - - - - - - - - - - - - - - - - - - - - - -
#  grain   1.000  3.27  mixture of  1 materials
#----------------------------------------------------------------------------
# Command: ./optool for -a 1.0 -l 0.1 20 500
#============================================================================
# Standard output file, no scattering matrix
#    iformat
#    nlambda
#    lambda[um]  kabs [cm^2/g]  ksca [cm^2/g]    g_asymmetry
#============================================================================
           3
         500
   1.000000E-01   1.181745E+02   7.349464E+03   8.638572E-01
   1.010674E-01   1.210857E+02   7.411946E+03   8.647567E-01
   1.021463E-01   1.178449E+02   7.423964E+03   8.653770E-01
   1.032366E-01   1.191787E+02   7.442185E+03   8.598623E-01
   1.043386E-01   1.187391E+02   7.414111E+03   8.589889E-01
   1.054524E-01   1.169610E+02   7.438475E+03   8.583584E-01
   1.065780E-01   1.140640E+02   7.471127E+03   8.584599E-01
   1.077157E-01   1.112143E+02   7.489651E+03   8.600391E-01
   1.088655E-01   1.109331E+02   7.506609E+03   8.614909E-01
   1.100276E-01   1.098444E+02   7.538149E+03   8.647392E-01
   1.112021E-01   1.136897E+02   7.569183E+03   8.631702E-01
   1.123891E-01   1.131887E+02   7.571240E+03   8.620885E-01
   1.135888E-01   1.071370E+02   7.562444E+03   8.645334E-01
   1.148013E-01   1.078125E+02   7.576979E+03   8.621717E-01
   1.160267E-01   1.079966E+02   7.628805E+03   8.620024E-01
   1.172652E-01   1.058160E+02   7.698761E+03   8.611868E-01
   1.185170E-01   1.062178E+02   7.753137E+03   8.633625E-01
   1.197821E-01   1.099882E+02   7.785101E+03   8.632045E-01
   1.210607E-01   1.012143E+02   7.802664E+03   8.656108E-01
   1.223529E-01   1.020925E+02   7.813466E+03   8.661873E-01
   1.236590E-01   1.013642E+02   7.767993E+03   8.655991E-01
   1.249790E-01   1.033896E+02   7.728160E+03   8.654877E-01
   1.263130E-01   1.032213E+02   7.714224E+03   8.620953E-01
   1.276614E-01   1.024803E+02   7.737021E+03   8.622166E-01
   1.290241E-01   1.044826E+02   7.791459E+03   8.599416E-01
   1.304013E-01   1.009868E+02   7.803761E+03   8.633572E-01
   1.317933E-01   9.921340E+01   7.852772E+03   8.638728E-01
   1.332001E-01   9.493852E+01   7.894723E+03   8.650023E-01
   1.346220E-01   9.179299E+01   7.873358E+03   8.660170E-01
   1.360590E-01   9.970264E+01   7.827801E+03   8.628391E-01
   1.375113E-01   8.945155E+01   7.754073E+03   8.629472E-01
   1.389792E-01   9.329848E+01   7.683600E+03   8.599393E-01
   1.404627E-01   9.338609E+01   7.619504E+03   8.609582E-01
   1.419621E-01   9.215894E+01   7.617395E+03   8.576159E-01
   1.434774E-01   8.828533E+01   7.634758E+03   8.587596E-01
   1.450090E-01   9.191719E+01   7.686441E+03   8.583847E-01
   1.465569E-01   9.206010E+01   7.743891E+03   8.562860E-01
   1.481213E-01   9.104440E+01   7.763996E+03   8.585031E-01
   1.497024E-01   9.015539E+01   7.764145E+03   8.555572E-01
   1.513004E-01   9.650648E+01   7.724426E+03   8.527603E-01
   1.529154E-01   9.328680E+01   7.618376E+03   8.522620E-01
   1.545477E-01   8.769736E+01   7.553887E+03   8.528317E-01
   1.561974E-01   8.791716E+01   7.491865E+03   8.532335E-01
   1.578647E-01   9.142631E+01   7.536170E+03   8.452965E-01
   1.595499E-01   8.616902E+01   7.547524E+03   8.524525E-01
   1.612530E-01   8.692716E+01   7.541020E+03   8.521605E-01
   1.629743E-01   8.252474E+01   7.559077E+03   8.511298E-01
   1.647139E-01   8.577848E+01   7.570361E+03   8.526959E-01
   1.664721E-01   8.670591E+01   7.508378E+03   8.513384E-01
   1.682491E-01   8.466236E+01   7.433466E+03   8.542365E-01
   1.700451E-01   7.785555E+01   7.384684E+03   8.484326E-01
   1.718602E-01   7.638893E+01   7.299925E+03   8.492686E-01
   1.736948E-01   7.872435E+01   7.344460E+03   8.471732E-01
   1.755488E-01   9.153110E+01   7.327636E+03   8.442240E-01
   1.774227E-01   7.515254E+01   7.327142E+03   8.490434E-01
   1.793166E-01   8.461365E+01   7.350311E+03   8.472313E-01
   1.812307E-01   8.195669E+01   7.372608E+03   8.452524E-01
   1.831653E-01   7.632154E+01   7.325812E+03   8.498447E-01
   1.851204E-01   7.777108E+01   7.271221E+03   8.464038E-01
   1.870965E-01   7.760314E+01   7.254677E+03   8.465688E-01
   1.890937E-01   7.439137E+01   7.195885E+03   8.465152E-01
   1.911121E-01   8.119185E+01   7.247716E+03   8.414910E-01
   1.931521E-01   7.197029E+01   7.209468E+03   8.472658E-01
   1.952139E-01   7.531765E+01   7.252287E+03   8.454961E-01
   1.972977E-01   6.912186E+01   7.242739E+03   8.457815E-01
   1.994038E-01   6.867906E+01   7.292203E+03   8.486116E-01
   2.015323E-01   7.949634E+01   7.290232E+03   8.428729E-01
   2.036835E-01   6.446858E+01   7.247785E+03   8.486758E-01
   2.058577E-01   7.318545E+01   7.290754E+03   8.423421E-01
   2.080552E-01   6.700480E+01   7.255149E+03   8.477124E-01
   2.102760E-01   7.471478E+01   7.310674E+03   8.388612E-01
   2.125206E-01   6.705679E+01   7.318646E+03   8.438929E-01
   2.147892E-01   6.686377E+01   7.368234E+03   8.392628E-01
   2.170819E-01   6.991763E+01   7.373639E+03   8.421984E-01
   2.193991E-01   6.650827E+01   7.400136E+03   8.395195E-01
   2.217411E-01   6.914244E+01   7.397431E+03   8.397605E-01
   2.241081E-01   6.175447E+01   7.344640E+03   8.419228E-01
   2.265003E-01   6.284398E+01   7.354980E+03   8.415484E-01
   2.289181E-01   7.027703E+01   7.356861E+03   8.378422E-01
   2.313616E-01   6.156846E+01   7.386833E+03   8.372634E-01
   2.338313E-01   6.132514E+01   7.386081E+03   8.397915E-01
   2.363273E-01   6.664091E+01   7.442346E+03   8.365875E-01
   2.388500E-01   6.002772E+01   7.466891E+03   8.350549E-01
   2.413995E-01   6.677933E+01   7.475583E+03   8.366688E-01
   2.439764E-01   6.505023E+01   7.507872E+03   8.339868E-01
   2.465807E-01   6.618674E+01   7.479136E+03   8.357052E-01
   2.492128E-01   5.646600E+01   7.498463E+03   8.364040E-01
   2.518730E-01   5.779814E+01   7.505159E+03   8.360299E-01
   2.545616E-01   6.272340E+01   7.558992E+03   8.322052E-01
   2.572789E-01   6.177090E+01   7.588533E+03   8.304026E-01
   2.600252E-01   5.733100E+01   7.592059E+03   8.361384E-01
   2.628008E-01   5.725650E+01   7.611045E+03   8.334602E-01
   2.656061E-01   6.155059E+01   7.657776E+03   8.316166E-01
   2.684413E-01   5.294205E+01   7.612814E+03   8.359461E-01
   2.713067E-01   5.895598E+01   7.642810E+03   8.346137E-01
   2.742028E-01   6.419866E+01   7.663545E+03   8.296651E-01
   2.771297E-01   5.915653E+01   7.689283E+03   8.310455E-01
   2.800879E-01   5.972503E+01   7.664449E+03   8.314959E-01
   2.830777E-01   5.825243E+01   7.676340E+03   8.321544E-01
   2.860994E-01   6.919173E+01   7.724696E+03   8.317484E-01
   2.891534E-01   5.582070E+01   7.698471E+03   8.342835E-01
   2.922399E-01   5.487324E+01   7.727720E+03   8.332176E-01
   2.953594E-01   5.514926E+01   7.710803E+03   8.359757E-01
   2.985122E-01   5.303197E+01   7.772131E+03   8.348663E-01
   3.016987E-01   6.284205E+01   7.829951E+03   8.307166E-01
   3.049191E-01   5.116707E+01   7.789124E+03   8.367011E-01
   3.081740E-01   5.048965E+01   7.795069E+03   8.389474E-01
   3.114636E-01   5.532933E+01   7.871194E+03   8.358028E-01
   3.147883E-01   4.937693E+01   7.868460E+03   8.394782E-01
   3.181484E-01   5.180527E+01   7.935908E+03   8.382705E-01
   3.215445E-01   4.908481E+01   7.971627E+03   8.423774E-01
   3.249768E-01   5.082794E+01   8.035203E+03   8.372081E-01
   3.284457E-01   5.428378E+01   8.080427E+03   8.344688E-01
   3.319517E-01   4.561703E+01   8.081241E+03   8.448433E-01
   3.354951E-01   5.520349E+01   8.157723E+03   8.420472E-01
   3.390763E-01   4.637186E+01   8.175169E+03   8.412911E-01
   3.426958E-01   4.874422E+01   8.196561E+03   8.428534E-01
   3.463539E-01   5.218012E+01   8.236719E+03   8.462130E-01
   3.500510E-01   4.590253E+01   8.310891E+03   8.418102E-01
   3.537876E-01   4.995012E+01   8.335038E+03   8.416339E-01
   3.575641E-01   4.434594E+01   8.344906E+03   8.443569E-01
   3.613809E-01   4.563677E+01   8.407949E+03   8.434485E-01
   3.652384E-01   4.653151E+01   8.418974E+03   8.478557E-01
   3.691371E-01   4.187177E+01   8.454683E+03   8.460578E-01
   3.730775E-01   4.494627E+01   8.424820E+03   8.482657E-01
   3.770599E-01   4.387313E+01   8.497659E+03   8.472623E-01
   3.810848E-01   4.055981E+01   8.492846E+03   8.506432E-01
   3.851526E-01   4.363340E+01   8.562158E+03   8.465826E-01
   3.892639E-01   5.137563E+01   8.567616E+03   8.493783E-01
   3.934191E-01   4.102630E+01   8.575490E+03   8.482184E-01
   3.976186E-01   5.324480E+01   8.592418E+03   8.531354E-01
   4.018630E-01   5.140693E+01   8.626657E+03   8.507125E-01
   4.061527E-01   5.752419E+01   8.691857E+03   8.502014E-01
   4.104881E-01   3.971692E+01   8.682839E+03   8.519803E-01
   4.148698E-01   4.692471E+01   8.740496E+03   8.525894E-01
   4.192983E-01   5.624472E+01   8.727877E+03   8.537757E-01
   4.237741E-01   4.701473E+01   8.792223E+03   8.549078E-01
   4.282977E-01   5.769472E+01   8.842826E+03   8.536571E-01
   4.328695E-01   4.908592E+01   8.835246E+03   8.569415E-01
   4.374901E-01   3.638527E+01   8.853907E+03   8.577606E-01
   4.421601E-01   5.425329E+01   8.932448E+03   8.585901E-01
   4.468799E-01   3.767063E+01   8.961913E+03   8.603072E-01
   4.516501E-01   4.881543E+01   9.032904E+03   8.562069E-01
   4.564712E-01   4.730686E+01   9.090812E+03   8.559953E-01
   4.613438E-01   5.269638E+01   9.157092E+03   8.552027E-01
   4.662684E-01   4.081201E+01   9.115807E+03   8.621464E-01
   4.712455E-01   3.730747E+01   9.174123E+03   8.616148E-01
   4.762758E-01   5.424285E+01   9.245291E+03   8.601007E-01
   4.813598E-01   4.962376E+01   9.317516E+03   8.568245E-01
   4.864980E-01   6.066206E+01   9.354486E+03   8.561373E-01
   4.916911E-01   5.599408E+01   9.324211E+03   8.632044E-01
   4.969397E-01   6.013352E+01   9.450227E+03   8.566381E-01
   5.022442E-01   4.448009E+01   9.430933E+03   8.605280E-01
   5.076054E-01   4.840205E+01   9.462786E+03   8.601392E-01
   5.130238E-01   4.038054E+01   9.480236E+03   8.624895E-01
   5.185000E-01   5.182856E+01   9.491281E+03   8.622214E-01
   5.240347E-01   6.037248E+01   9.615574E+03   8.538248E-01
   5.296285E-01   3.615130E+01   9.512561E+03   8.620989E-01
   5.352820E-01   4.198820E+01   9.628323E+03   8.574861E-01
   5.409958E-01   5.161511E+01   9.647244E+03   8.540391E-01
   5.467707E-01   3.950185E+01   9.630741E+03   8.595616E-01
   5.526071E-01   4.167562E+01   9.671379E+03   8.519437E-01
   5.585059E-01   5.209593E+01   9.689337E+03   8.526731E-01
   5.644676E-01   4.191826E+01   9.750222E+03   8.452280E-01
   5.704930E-01   5.317983E+01   9.790988E+03   8.461192E-01
   5.765827E-01   4.554119E+01   9.790591E+03   8.443612E-01
   5.827374E-01   3.409953E+01   9.648661E+03   8.539752E-01
   5.889578E-01   4.627675E+01   9.785261E+03   8.407672E-01
   5.952446E-01   4.420937E+01   9.791853E+03   8.391247E-01
   6.015985E-01   3.643547E+01   9.753944E+03   8.436214E-01
   6.080202E-01   4.736078E+01   9.878358E+03   8.330668E-01
   6.145105E-01   3.702348E+01   9.789219E+03   8.390006E-01
   6.210701E-01   3.925158E+01   9.840722E+03   8.353457E-01
   6.276996E-01   4.073514E+01   9.858633E+03   8.309467E-01
   6.344000E-01   3.747029E+01   9.853498E+03   8.327090E-01
   6.411719E-01   4.379360E+01   9.993722E+03   8.196699E-01
   6.480160E-01   3.967780E+01   9.905419E+03   8.253154E-01
   6.549332E-01   3.525690E+01   9.954266E+03   8.210279E-01
   6.619243E-01   4.036574E+01   1.000406E+04   8.189494E-01
   6.689899E-01   3.520519E+01   1.002630E+04   8.153943E-01
   6.761310E-01   3.147846E+01   9.937423E+03   8.251774E-01
   6.833483E-01   4.265096E+01   1.023132E+04   8.031049E-01
   6.906427E-01   3.195645E+01   1.002190E+04   8.177037E-01
   6.980149E-01   3.162475E+01   1.008064E+04   8.177725E-01
   7.054658E-01   3.853304E+01   1.030227E+04   7.982486E-01
   7.129963E-01   3.194103E+01   1.020213E+04   8.088637E-01
   7.206071E-01   3.124266E+01   1.028520E+04   8.083174E-01
   7.282992E-01   3.444729E+01   1.040972E+04   7.971291E-01
   7.360734E-01   2.977277E+01   1.032101E+04   8.054469E-01
   7.439306E-01   3.263430E+01   1.051577E+04   7.973539E-01
   7.518716E-01   3.317760E+01   1.053355E+04   7.916424E-01
   7.598974E-01   2.888769E+01   1.049657E+04   8.022522E-01
   7.680089E-01   3.212299E+01   1.073120E+04   7.900512E-01
   7.762070E-01   3.103057E+01   1.076154E+04   7.889080E-01
   7.844925E-01   2.882497E+01   1.077911E+04   7.940503E-01
   7.928666E-01   3.021165E+01   1.092418E+04   7.863880E-01
   8.013300E-01   2.878063E+01   1.091435E+04   7.899343E-01
   8.098837E-01   3.030704E+01   1.108451E+04   7.842559E-01
   8.185288E-01   2.855651E+01   1.108424E+04   7.854875E-01
   8.272661E-01   2.859487E+01   1.117000E+04   7.838170E-01
   8.360967E-01   2.848150E+01   1.125358E+04   7.808442E-01
   8.450216E-01   2.680896E+01   1.128739E+04   7.848722E-01
   8.540417E-01   2.770752E+01   1.144056E+04   7.790968E-01
   8.631581E-01   2.657901E+01   1.147099E+04   7.799127E-01
   8.723718E-01   2.617934E+01   1.154351E+04   7.804317E-01
   8.816839E-01   2.667335E+01   1.165123E+04   7.767297E-01
   8.910954E-01   2.583929E+01   1.167351E+04   7.780569E-01
   9.006074E-01   2.611851E+01   1.179337E+04   7.764296E-01
   9.102208E-01   2.594546E+01   1.185858E+04   7.737400E-01
   9.199369E-01   2.487694E+01   1.187938E+04   7.769264E-01
   9.297567E-01   2.512282E+01   1.199763E+04   7.741313E-01
   9.396814E-01   2.420061E+01   1.200371E+04   7.752428E-01
   9.497119E-01   2.383068E+01   1.207789E+04   7.763165E-01
   9.598496E-01   2.379042E+01   1.214849E+04   7.740874E-01
   9.700954E-01   2.312767E+01   1.216986E+04   7.760361E-01
   9.804507E-01   2.324027E+01   1.226069E+04   7.742438E-01
   9.909164E-01   2.303846E+01   1.230448E+04   7.728879E-01
   1.001494E+00   2.296973E+01   1.236437E+04   7.711117E-01
   1.012184E+00   2.272075E+01   1.239516E+04   7.694922E-01
   1.022989E+00   2.237686E+01   1.241133E+04   7.684109E-01
   1.033909E+00   2.192202E+01   1.241971E+04   7.681391E-01
   1.044945E+00   2.152140E+01   1.243505E+04   7.682279E-01
   1.056099E+00   2.117074E+01   1.244854E+04   7.682387E-01
   1.067373E+00   2.078718E+01   1.245885E+04   7.689160E-01
   1.078766E+00   2.052049E+01   1.247970E+04   7.692823E-01
   1.090281E+00   2.028166E+01   1.249728E+04   7.695423E-01
   1.101919E+00   2.006813E+01   1.251813E+04   7.701151E-01
   1.113682E+00   1.998881E+01   1.254830E+04   7.697648E-01
   1.125570E+00   1.988309E+01   1.256458E+04   7.689860E-01
   1.137585E+00   1.977484E+01   1.257110E+04   7.677609E-01
   1.149728E+00   1.957328E+01   1.255083E+04   7.663889E-01
   1.162000E+00   1.927329E+01   1.251145E+04   7.654248E-01
   1.174404E+00   1.894357E+01   1.246410E+04   7.645346E-01
   1.186940E+00   1.858039E+01   1.241109E+04   7.638718E-01
   1.199610E+00   1.823315E+01   1.236203E+04   7.633645E-01
   1.212415E+00   1.790674E+01   1.231601E+04   7.629834E-01
   1.225357E+00   1.761033E+01   1.227471E+04   7.627710E-01
   1.238437E+00   1.735447E+01   1.223754E+04   7.625886E-01
   1.251657E+00   1.713798E+01   1.220305E+04   7.623776E-01
   1.265017E+00   1.696707E+01   1.217078E+04   7.619911E-01
   1.278521E+00   1.683721E+01   1.213827E+04   7.613184E-01
   1.292168E+00   1.673615E+01   1.210134E+04   7.602817E-01
   1.305962E+00   1.663280E+01   1.205325E+04   7.589640E-01
   1.319902E+00   1.649945E+01   1.198984E+04   7.575223E-01
   1.333991E+00   1.632096E+01   1.191095E+04   7.561173E-01
   1.348231E+00   1.610142E+01   1.182052E+04   7.548588E-01
   1.362622E+00   1.585379E+01   1.172295E+04   7.537798E-01
   1.377168E+00   1.559037E+01   1.162176E+04   7.528833E-01
   1.391868E+00   1.532191E+01   1.151968E+04   7.521437E-01
   1.406725E+00   1.505642E+01   1.141861E+04   7.515259E-01
   1.421741E+00   1.480036E+01   1.131992E+04   7.510024E-01
   1.436918E+00   1.455946E+01   1.122455E+04   7.505457E-01
   1.452256E+00   1.433896E+01   1.113304E+04   7.501141E-01
   1.467758E+00   1.414347E+01   1.104554E+04   7.496457E-01
   1.483426E+00   1.397633E+01   1.096159E+04   7.490586E-01
   1.499260E+00   1.383782E+01   1.087977E+04   7.482628E-01
   1.515264E+00   1.372351E+01   1.079750E+04   7.471808E-01
   1.531439E+00   1.362350E+01   1.071125E+04   7.457699E-01
   1.547786E+00   1.352430E+01   1.061757E+04   7.440402E-01
   1.564308E+00   1.341311E+01   1.051429E+04   7.420517E-01
   1.581006E+00   1.328150E+01   1.040119E+04   7.398939E-01
   1.597882E+00   1.312668E+01   1.027962E+04   7.376625E-01
   1.614939E+00   1.295020E+01   1.015173E+04   7.354427E-01
   1.632177E+00   1.275601E+01   1.001978E+04   7.333017E-01
   1.649600E+00   1.254910E+01   9.885777E+03   7.312887E-01
   1.667208E+00   1.233471E+01   9.751452E+03   7.294368E-01
   1.685005E+00   1.211803E+01   9.618267E+03   7.277652E-01
   1.702991E+00   1.190416E+01   9.487495E+03   7.262806E-01
   1.721170E+00   1.169800E+01   9.360255E+03   7.249766E-01
   1.739542E+00   1.150410E+01   9.237490E+03   7.238350E-01
   1.758111E+00   1.132647E+01   9.119872E+03   7.228273E-01
   1.776878E+00   1.116824E+01   9.007674E+03   7.219163E-01
   1.795845E+00   1.103123E+01   8.900614E+03   7.210573E-01
   1.815015E+00   1.091553E+01   8.797738E+03   7.201990E-01
   1.834389E+00   1.081916E+01   8.697394E+03   7.192868E-01
   1.853970E+00   1.073797E+01   8.597341E+03   7.182665E-01
   1.873760E+00   1.066600E+01   8.495036E+03   7.170898E-01
   1.893761E+00   1.059624E+01   8.388042E+03   7.157187E-01
   1.913976E+00   1.052173E+01   8.274450E+03   7.141285E-01
   1.934407E+00   1.043660E+01   8.153175E+03   7.123073E-01
   1.955056E+00   1.033680E+01   8.024060E+03   7.102534E-01
   1.975925E+00   1.022032E+01   7.887794E+03   7.079712E-01
   1.997017E+00   1.008712E+01   7.745734E+03   7.054688E-01
   2.018334E+00   9.938729E+00   7.599680E+03   7.027559E-01
   2.039878E+00   9.777864E+00   7.451671E+03   6.998450E-01
   2.061653E+00   9.607974E+00   7.303808E+03   6.967517E-01
   2.083660E+00   9.432895E+00   7.158104E+03   6.934970E-01
   2.105902E+00   9.256542E+00   7.016370E+03   6.901089E-01
   2.128381E+00   9.082666E+00   6.880126E+03   6.866224E-01
   2.151100E+00   8.914677E+00   6.750532E+03   6.830801E-01
   2.174062E+00   8.755498E+00   6.628350E+03   6.795302E-01
   2.197269E+00   8.607471E+00   6.513919E+03   6.760242E-01
   2.220724E+00   8.472289E+00   6.407157E+03   6.726139E-01
   2.244429E+00   8.350942E+00   6.307573E+03   6.693470E-01
   2.268387E+00   8.243694E+00   6.214298E+03   6.662636E-01
   2.292600E+00   8.150074E+00   6.126135E+03   6.633920E-01
   2.317073E+00   8.068894E+00   6.041628E+03   6.607459E-01
   2.341806E+00   7.998308E+00   5.959151E+03   6.583223E-01
   2.366803E+00   7.935915E+00   5.877023E+03   6.561011E-01
   2.392068E+00   7.878917E+00   5.793627E+03   6.540462E-01
   2.417602E+00   7.824320E+00   5.707546E+03   6.521078E-01
   2.443408E+00   7.769171E+00   5.617673E+03   6.502262E-01
   2.469490E+00   7.710794E+00   5.523299E+03   6.483364E-01
   2.495851E+00   7.646988E+00   5.424159E+03   6.463727E-01
   2.522493E+00   7.576180E+00   5.320425E+03   6.442727E-01
   2.549419E+00   7.497485E+00   5.212655E+03   6.419813E-01
   2.576632E+00   7.410704E+00   5.101715E+03   6.394534E-01
   2.604137E+00   7.316247E+00   4.988673E+03   6.366554E-01
   2.631934E+00   7.215015E+00   4.874699E+03   6.335673E-01
   2.660029E+00   7.108270E+00   4.760966E+03   6.301820E-01
   2.688423E+00   6.997489E+00   4.648579E+03   6.265063E-01
   2.717120E+00   6.884244E+00   4.538513E+03   6.225595E-01
   2.746124E+00   6.770099E+00   4.431579E+03   6.183727E-01
   2.775437E+00   6.656528E+00   4.328403E+03   6.139878E-01
   2.805064E+00   6.544862E+00   4.229427E+03   6.094551E-01
   2.835006E+00   6.436252E+00   4.134912E+03   6.048324E-01
   2.865268E+00   6.331653E+00   4.044951E+03   6.001822E-01
   2.895853E+00   6.231816E+00   3.959489E+03   5.955701E-01
   2.926765E+00   6.137293E+00   3.878342E+03   5.910626E-01
   2.958007E+00   6.048439E+00   3.801216E+03   5.867255E-01
   2.989582E+00   5.965431E+00   3.727730E+03   5.826213E-01
   3.021494E+00   5.888278E+00   3.657432E+03   5.788084E-01
   3.053747E+00   5.816833E+00   3.589820E+03   5.753391E-01
   3.086344E+00   5.750814E+00   3.524357E+03   5.722588E-01
   3.119289E+00   5.689813E+00   3.460490E+03   5.696048E-01
   3.152585E+00   5.633319E+00   3.397669E+03   5.674057E-01
   3.186237E+00   5.580729E+00   3.335358E+03   5.656810E-01
   3.220249E+00   5.531374E+00   3.273053E+03   5.644412E-01
   3.254623E+00   5.484534E+00   3.210299E+03   5.636873E-01
   3.289364E+00   5.439464E+00   3.146700E+03   5.634117E-01
   3.324476E+00   5.395416E+00   3.081932E+03   5.635984E-01
   3.359963E+00   5.351659E+00   3.015753E+03   5.642238E-01
   3.395829E+00   5.307509E+00   2.948006E+03   5.652574E-01
   3.432078E+00   5.262341E+00   2.878624E+03   5.666628E-01
   3.468713E+00   5.215612E+00   2.807626E+03   5.683990E-01
   3.505740E+00   5.166875E+00   2.735112E+03   5.704209E-01
   3.543161E+00   5.115783E+00   2.661257E+03   5.726805E-01
   3.580983E+00   5.062098E+00   2.586294E+03   5.751283E-01
   3.619208E+00   5.005686E+00   2.510505E+03   5.777135E-01
   3.657841E+00   4.946514E+00   2.434206E+03   5.803853E-01
   3.696886E+00   4.884637E+00   2.357729E+03   5.830936E-01
   3.736348E+00   4.820190E+00   2.281415E+03   5.857894E-01
   3.776232E+00   4.753370E+00   2.205595E+03   5.884254E-01
   3.816541E+00   4.684425E+00   2.130585E+03   5.909565E-01
   3.857280E+00   4.613640E+00   2.056676E+03   5.933400E-01
   3.898455E+00   4.541318E+00   1.984130E+03   5.955362E-01
   3.940068E+00   4.467776E+00   1.913171E+03   5.975082E-01
   3.982126E+00   4.393329E+00   1.843993E+03   5.992222E-01
   4.024633E+00   4.318286E+00   1.776750E+03   6.006479E-01
   4.067594E+00   4.242939E+00   1.711562E+03   6.017583E-01
   4.111013E+00   4.167563E+00   1.648517E+03   6.025298E-01
   4.154896E+00   4.092409E+00   1.587675E+03   6.029421E-01
   4.199247E+00   4.017706E+00   1.529064E+03   6.029788E-01
   4.244072E+00   3.943654E+00   1.472693E+03   6.026265E-01
   4.289375E+00   3.870432E+00   1.418549E+03   6.018754E-01
   4.335162E+00   3.798192E+00   1.366602E+03   6.007189E-01
   4.381437E+00   3.727063E+00   1.316806E+03   5.991538E-01
   4.428207E+00   3.657153E+00   1.269107E+03   5.971796E-01
   4.475475E+00   3.588549E+00   1.223438E+03   5.947990E-01
   4.523248E+00   3.521320E+00   1.179730E+03   5.920172E-01
   4.571532E+00   3.455519E+00   1.137906E+03   5.888421E-01
   4.620330E+00   3.391182E+00   1.097887E+03   5.852838E-01
   4.669650E+00   3.328334E+00   1.059592E+03   5.813545E-01
   4.719495E+00   3.266989E+00   1.022940E+03   5.770681E-01
   4.769873E+00   3.207149E+00   9.878507E+02   5.724402E-01
   4.820789E+00   3.148809E+00   9.542443E+02   5.674879E-01
   4.872248E+00   3.091955E+00   9.220438E+02   5.622292E-01
   4.924257E+00   3.036570E+00   8.911745E+02   5.566829E-01
   4.976821E+00   2.982628E+00   8.615645E+02   5.508686E-01
   5.029945E+00   2.993788E+00   8.289137E+02   5.446227E-01
   5.083637E+00   3.057341E+00   7.947734E+02   5.379885E-01
   5.137902E+00   3.123797E+00   7.621922E+02   5.311157E-01
   5.192746E+00   3.193049E+00   7.306073E+02   5.240040E-01
   5.248176E+00   3.265597E+00   7.003993E+02   5.167015E-01
   5.304197E+00   3.341583E+00   6.715134E+02   5.092349E-01
   5.360817E+00   3.421043E+00   6.436206E+02   5.016109E-01
   5.418040E+00   3.504416E+00   6.169172E+02   4.938693E-01
   5.475875E+00   3.591646E+00   5.911529E+02   4.860181E-01
   5.534327E+00   3.683096E+00   5.662135E+02   4.780719E-01
   5.593403E+00   3.779042E+00   5.423015E+02   4.700697E-01
   5.653109E+00   3.879645E+00   5.191592E+02   4.620122E-01
   5.713453E+00   3.985158E+00   4.967604E+02   4.539168E-01
   5.774441E+00   4.096047E+00   4.751326E+02   4.458046E-01
   5.836080E+00   4.212591E+00   4.543122E+02   4.376969E-01
   5.898377E+00   4.335103E+00   4.341492E+02   4.295958E-01
   5.961339E+00   4.464005E+00   4.146143E+02   4.215132E-01
   6.024972E+00   4.599679E+00   3.956848E+02   4.134602E-01
   6.089286E+00   4.742751E+00   3.774417E+02   4.054580E-01
   6.154285E+00   4.893549E+00   3.596694E+02   3.974948E-01
   6.219979E+00   5.052818E+00   3.426138E+02   3.896079E-01
   6.286374E+00   5.221129E+00   3.259761E+02   3.817735E-01
   6.353477E+00   5.399115E+00   3.098932E+02   3.740151E-01
   6.421297E+00   5.587666E+00   2.943382E+02   3.663373E-01
   6.489841E+00   5.787506E+00   2.791718E+02   3.587300E-01
   6.559116E+00   5.999745E+00   2.645374E+02   3.512162E-01
   6.629131E+00   6.225356E+00   2.503664E+02   3.437927E-01
   6.699893E+00   6.465614E+00   2.366100E+02   3.364579E-01
   6.771411E+00   6.722244E+00   2.232540E+02   3.292136E-01
   6.843692E+00   6.996088E+00   2.103901E+02   3.220752E-01
   6.916745E+00   7.289576E+00   1.978815E+02   3.150273E-01
   6.990577E+00   7.604077E+00   1.857324E+02   3.080724E-01
   7.065197E+00   7.942441E+00   1.740349E+02   3.012252E-01
   7.140615E+00   8.307381E+00   1.626837E+02   2.944724E-01
   7.216837E+00   8.701458E+00   1.516246E+02   2.878066E-01
   7.293872E+00   9.128540E+00   1.409586E+02   2.812431E-01
   7.371730E+00   9.592612E+00   1.306574E+02   2.747780E-01
   7.450419E+00   1.009886E+01   1.206772E+02   2.684044E-01
   7.529948E+00   1.065293E+01   1.110158E+02   2.621211E-01
   7.610326E+00   1.126126E+01   1.016544E+02   2.559237E-01
   7.691562E+00   1.193286E+01   9.261206E+01   2.498138E-01
   7.773665E+00   1.267758E+01   8.387405E+01   2.437866E-01
   7.856645E+00   1.350734E+01   7.542931E+01   2.378374E-01
   7.940510E+00   1.443762E+01   6.728171E+01   2.319632E-01
   8.025271E+00   1.548828E+01   5.944025E+01   2.261612E-01
   8.110936E+00   1.668252E+01   5.187555E+01   2.204197E-01
   8.197516E+00   1.805202E+01   4.461026E+01   2.147355E-01
   8.285020E+00   1.963936E+01   3.767537E+01   2.091060E-01
   8.373458E+00   2.149968E+01   3.105508E+01   2.035144E-01
   8.462840E+00   2.370963E+01   2.478699E+01   1.979519E-01
   8.553176E+00   2.638142E+01   1.892653E+01   1.924082E-01
   8.644476E+00   2.967653E+01   1.351969E+01   1.868590E-01
   8.736751E+00   3.385205E+01   8.681012E+00   1.812824E-01
   8.830011E+00   3.933474E+01   4.595824E+00   1.756502E-01
   8.924266E+00   4.688827E+01   1.549017E+00   1.699055E-01
   9.019528E+00   5.808554E+01   1.072591E-01   1.639737E-01
   9.115806E+00   7.687618E+01   1.462085E+00   1.576928E-01
   9.213112E+00   1.171061E+02   8.865570E+00   1.507174E-01
   9.311457E+00   3.007091E+02   3.768090E+01   1.418350E-01
   9.410852E+00   1.169694E+03   8.121228E+01   1.364087E-01
   9.511307E+00   1.551466E+03   9.256713E+01   1.350664E-01
   9.612835E+00   1.766186E+03   1.019671E+02   1.334610E-01
   9.715447E+00   1.922094E+03   1.111166E+02   1.314173E-01
   9.819154E+00   2.040921E+03   1.197445E+02   1.288949E-01
   9.923968E+00   2.112960E+03   1.269764E+02   1.255968E-01
   1.002990E+01   2.082234E+03   1.378439E+02   1.189016E-01
   1.013696E+01   3.674404E+03   6.610903E+02   9.930764E-02
   1.024517E+01   3.073559E+03   2.246560E+02   1.264382E-01
   1.035453E+01   2.582495E+03   1.845013E+02   1.127313E-01
   1.046506E+01   4.615464E+03   5.691829E+02   1.089108E-01
   1.057677E+01   3.853103E+03   3.589577E+02   1.122724E-01
   1.068967E+01   3.929025E+03   3.697436E+02   1.085707E-01
   1.080378E+01   4.134634E+03   4.108972E+02   1.044935E-01
   1.091910E+01   4.427268E+03   4.779944E+02   9.989219E-02
   1.103566E+01   4.824809E+03   5.858409E+02   9.430238E-02
   1.115346E+01   5.386799E+03   7.802827E+02   8.661702E-02
   1.127251E+01   6.259027E+03   1.249948E+03   7.305030E-02
   1.139284E+01   6.151124E+03   3.526880E+03   2.468561E-02
   1.151445E+01   5.019942E+03   1.967096E+03   3.189771E-01
   1.163736E+01   6.261996E+02   6.618107E+02   2.549164E-01
   1.176159E+01   5.810695E+02   3.602619E+02   1.829553E-01
   1.188713E+01   1.821730E+03   3.376149E+02   1.615111E-01
   1.201402E+01   6.951121E+02   3.763306E+02   1.843488E-01
   1.214227E+01   2.502707E+02   2.714248E+02   1.604121E-01
   1.227188E+01   1.459020E+02   2.116248E+02   1.458790E-01
   1.240287E+01   1.035936E+02   1.720293E+02   1.357432E-01
   1.253527E+01   8.138200E+01   1.432290E+02   1.278659E-01
   1.266907E+01   6.800331E+01   1.210443E+02   1.213402E-01
   1.280431E+01   5.931304E+01   1.033225E+02   1.157169E-01
   1.294099E+01   5.345416E+01   8.876885E+01   1.107324E-01
   1.307913E+01   4.946669E+01   7.658743E+01   1.062286E-01
   1.321874E+01   4.681494E+01   6.621612E+01   1.020937E-01
   1.335984E+01   4.519158E+01   5.728511E+01   9.825566E-02
   1.350245E+01   4.441479E+01   4.948854E+01   9.465206E-02
   1.364658E+01   4.438659E+01   4.264114E+01   9.124729E-02
   1.379225E+01   4.507227E+01   3.656681E+01   8.800362E-02
   1.393947E+01   4.649143E+01   3.114025E+01   8.489348E-02
   1.408827E+01   4.872899E+01   2.626429E+01   8.189397E-02
   1.423865E+01   5.192912E+01   2.186686E+01   7.898651E-02
   1.439064E+01   5.636545E+01   1.787909E+01   7.614927E-02
   1.454426E+01   6.246519E+01   1.425282E+01   7.336237E-02
   1.469951E+01   7.097947E+01   1.095513E+01   7.060471E-02
   1.485642E+01   8.327586E+01   7.962270E+00   6.784714E-02
   1.501500E+01   1.020641E+02   5.280144E+00   6.505156E-02
   1.517528E+01   1.335651E+02   2.968052E+00   6.215474E-02
   1.533727E+01   1.953696E+02   1.285262E+00   5.906062E-02
   1.550098E+01   3.526489E+02   1.307829E+00   5.567330E-02
   1.566645E+01   7.157220E+02   5.630505E+00   5.293179E-02
   1.583368E+01   1.047323E+03   1.144055E+01   5.174184E-02
   1.600269E+01   1.286105E+03   1.684848E+01   5.116255E-02
   1.617351E+01   1.476291E+03   2.236639E+01   5.110078E-02
   1.634616E+01   1.586942E+03   2.792339E+01   5.229643E-02
   1.652064E+01   1.326729E+03   2.751586E+01   5.626602E-02
   1.669699E+01   6.780344E+02   1.351526E+01   5.596926E-02
   1.687522E+01   4.037193E+02   4.638055E+00   5.138805E-02
   1.705535E+01   3.333181E+02   1.320582E+00   4.724890E-02
   1.723741E+01   3.675034E+02   1.586498E+00   4.342344E-02
   1.742141E+01   5.975487E+02   7.044514E+00   3.941482E-02
   1.760737E+01   1.056227E+03   1.540079E+01   3.637013E-02
   1.779532E+01   1.248608E+03   1.895253E+01   3.508465E-02
   1.798528E+01   1.323539E+03   2.175075E+01   3.382850E-02
   1.817726E+01   1.284522E+03   2.616982E+01   3.286585E-02
   1.837129E+01   1.476977E+03   5.589860E+01   2.975459E-02
   1.856740E+01   2.728733E+03   1.599601E+02   2.025987E-02
   1.876559E+01   4.454568E+03   2.761453E+02   1.678646E-02
   1.896591E+01   4.606280E+03   2.226879E+02   2.134118E-02
   1.916836E+01   3.987575E+03   1.486271E+02   2.557725E-02
   1.937297E+01   4.046944E+03   1.516976E+02   2.440952E-02
   1.957976E+01   4.765152E+03   2.482203E+02   2.081862E-02
   1.978877E+01   3.586523E+03   2.055667E+02   2.886905E-02
   2.000000E+01   1.995916E+03   9.667201E+01   5.213343E-02
