#============================================================================
# Opacities computed by OpTool        <a^n>=  1.0000E-1  1.0000E-1  1.0000E-1
# Method:   DHS  fmax=  0.800
# Parameters:
#   amin [um]=      0.100 amax [um]=      0.100  na  =    1    apow=   3.5    
#   lmin [um]=      5.000 lmax [um]=     20.000  nlam=  500    nang=   180
#   porosity =      0.000 p_mantle =      0.000  fmax= 0.80    chop=   0.0
# Composition:
#  Where   mfrac  rho   Material
#  -----   -----  ----  -----------------------------------------------------
#  core    1.000  3.27  for
#  - - -   - - -  -  -  - - - - - - - - - - - - - - - - - - - - - - - - - - -
#  grain   1.000  3.27  mixture of  1 materials
#----------------------------------------------------------------------------
# Command: ./optool for -a 0.1 -l 5 20 500
#============================================================================
# Standard output file, no scattering matrix
#    iformat
#    nlambda
#    lambda[um]  kabs [cm^2/g]  ksca [cm^2/g]    g_asymmetry
#============================================================================
           3
         500
   5.000000E+00   2.020478E+00   1.815251E+00   6.532538E-03
   5.013910E+00   2.036247E+00   1.791529E+00   6.494808E-03
   5.027859E+00   2.052170E+00   1.768337E+00   6.457388E-03
   5.041846E+00   2.068253E+00   1.745611E+00   6.420253E-03
   5.055873E+00   2.084538E+00   1.723162E+00   6.383326E-03
   5.069938E+00   2.100973E+00   1.700705E+00   6.346490E-03
   5.084043E+00   2.117558E+00   1.678527E+00   6.309861E-03
   5.098187E+00   2.134305E+00   1.656905E+00   6.273558E-03
   5.112370E+00   2.151248E+00   1.635206E+00   6.237314E-03
   5.126593E+00   2.168352E+00   1.613909E+00   6.201331E-03
   5.140855E+00   2.185614E+00   1.593060E+00   6.165631E-03
   5.155157E+00   2.203078E+00   1.572108E+00   6.129977E-03
   5.169498E+00   2.220758E+00   1.551419E+00   6.094524E-03
   5.183880E+00   2.238624E+00   1.530990E+00   6.059273E-03
   5.198302E+00   2.256649E+00   1.510817E+00   6.024221E-03
   5.212763E+00   2.274915E+00   1.490893E+00   5.989367E-03
   5.227265E+00   2.293348E+00   1.471220E+00   5.954710E-03
   5.241807E+00   2.311944E+00   1.451795E+00   5.920251E-03
   5.256390E+00   2.330740E+00   1.432611E+00   5.885985E-03
   5.271014E+00   2.349764E+00   1.413668E+00   5.851913E-03
   5.285678E+00   2.368986E+00   1.394963E+00   5.818035E-03
   5.300382E+00   2.388399E+00   1.376494E+00   5.784349E-03
   5.315128E+00   2.408060E+00   1.358254E+00   5.750852E-03
   5.329915E+00   2.427910E+00   1.340243E+00   5.717546E-03
   5.344743E+00   2.447980E+00   1.322352E+00   5.684378E-03
   5.359612E+00   2.468306E+00   1.304462E+00   5.651291E-03
   5.374522E+00   2.488833E+00   1.287118E+00   5.618544E-03
   5.389474E+00   2.509610E+00   1.269795E+00   5.585888E-03
   5.404468E+00   2.530614E+00   1.252670E+00   5.553407E-03
   5.419503E+00   2.551809E+00   1.235989E+00   5.521219E-03
   5.434580E+00   2.573298E+00   1.219208E+00   5.489063E-03
   5.449699E+00   2.594979E+00   1.202835E+00   5.457184E-03
   5.464860E+00   2.616900E+00   1.186681E+00   5.425492E-03
   5.480064E+00   2.639114E+00   1.170523E+00   5.393876E-03
   5.495309E+00   2.661619E+00   1.154569E+00   5.362438E-03
   5.510597E+00   2.684352E+00   1.138820E+00   5.331179E-03
   5.525928E+00   2.707348E+00   1.123274E+00   5.300098E-03
   5.541301E+00   2.730632E+00   1.107928E+00   5.269195E-03
   5.556717E+00   2.754154E+00   1.092777E+00   5.238466E-03
   5.572176E+00   2.777946E+00   1.077820E+00   5.207912E-03
   5.587677E+00   2.802024E+00   1.063056E+00   5.177532E-03
   5.603222E+00   2.826402E+00   1.048423E+00   5.147293E-03
   5.618811E+00   2.851098E+00   1.033754E+00   5.117109E-03
   5.634442E+00   2.876064E+00   1.019534E+00   5.087233E-03
   5.650117E+00   2.901294E+00   1.005519E+00   5.057539E-03
   5.665836E+00   2.926831E+00   9.915827E-01   5.027959E-03
   5.681598E+00   2.952713E+00   9.776562E-01   4.998455E-03
   5.697405E+00   2.978958E+00   9.639104E-01   4.969119E-03
   5.713255E+00   3.005426E+00   9.505679E-01   4.940073E-03
   5.729149E+00   3.032269E+00   9.372892E-01   4.911132E-03
   5.745088E+00   3.059469E+00   9.240727E-01   4.882294E-03
   5.761070E+00   3.086951E+00   9.110301E-01   4.853621E-03
   5.777098E+00   3.114842E+00   8.981569E-01   4.825112E-03
   5.793170E+00   3.143045E+00   8.854525E-01   4.796764E-03
   5.809286E+00   3.171611E+00   8.729155E-01   4.768579E-03
   5.825448E+00   3.200525E+00   8.605438E-01   4.740555E-03
   5.841654E+00   3.229760E+00   8.483353E-01   4.712692E-03
   5.857906E+00   3.259397E+00   8.362866E-01   4.684987E-03
   5.874203E+00   3.289492E+00   8.241839E-01   4.657315E-03
   5.890545E+00   3.319935E+00   8.123678E-01   4.629876E-03
   5.906932E+00   3.350769E+00   8.006921E-01   4.602585E-03
   5.923365E+00   3.382016E+00   7.890844E-01   4.575397E-03
   5.939844E+00   3.413596E+00   7.778178E-01   4.548477E-03
   5.956369E+00   3.445707E+00   7.664689E-01   4.521571E-03
   5.972940E+00   3.478209E+00   7.552705E-01   4.494818E-03
   5.989556E+00   3.511154E+00   7.442229E-01   4.468218E-03
   6.006219E+00   3.544531E+00   7.333241E-01   4.441772E-03
   6.022929E+00   3.578318E+00   7.225722E-01   4.415477E-03
   6.039684E+00   3.612579E+00   7.119652E-01   4.389333E-03
   6.056487E+00   3.647339E+00   7.014995E-01   4.363338E-03
   6.073336E+00   3.682532E+00   6.911753E-01   4.337492E-03
   6.090232E+00   3.718264E+00   6.808610E-01   4.311712E-03
   6.107175E+00   3.754486E+00   6.706939E-01   4.286085E-03
   6.124165E+00   3.791167E+00   6.607349E-01   4.260650E-03
   6.141203E+00   3.828427E+00   6.507548E-01   4.235259E-03
   6.158288E+00   3.866223E+00   6.409109E-01   4.210013E-03
   6.175420E+00   3.904469E+00   6.313850E-01   4.185034E-03
   6.192600E+00   3.943287E+00   6.218610E-01   4.160113E-03
   6.209828E+00   3.982674E+00   6.124149E-01   4.135301E-03
   6.227104E+00   4.022641E+00   6.030992E-01   4.110631E-03
   6.244428E+00   4.063209E+00   5.938622E-01   4.086070E-03
   6.261800E+00   4.104374E+00   5.846298E-01   4.061566E-03
   6.279220E+00   4.146114E+00   5.756978E-01   4.037321E-03
   6.296689E+00   4.188481E+00   5.668885E-01   4.013215E-03
   6.314206E+00   4.231491E+00   5.580493E-01   3.989143E-03
   6.331773E+00   4.275182E+00   5.492994E-01   3.965184E-03
   6.349388E+00   4.319463E+00   5.407707E-01   3.941434E-03
   6.367052E+00   4.364384E+00   5.323736E-01   3.917830E-03
   6.384765E+00   4.410060E+00   5.239862E-01   3.894285E-03
   6.402527E+00   4.456433E+00   5.157174E-01   3.870876E-03
   6.420339E+00   4.503507E+00   5.075623E-01   3.847600E-03
   6.438201E+00   4.551406E+00   4.993508E-01   3.824333E-03
   6.456112E+00   4.599958E+00   4.914124E-01   3.801315E-03
   6.474073E+00   4.649362E+00   4.834703E-01   3.778344E-03
   6.492084E+00   4.699473E+00   4.757194E-01   3.755564E-03
   6.510145E+00   4.750408E+00   4.680402E-01   3.732887E-03
   6.528256E+00   4.802205E+00   4.603991E-01   3.710286E-03
   6.546418E+00   4.854811E+00   4.528685E-01   3.687817E-03
   6.564630E+00   4.908268E+00   4.454471E-01   3.665479E-03
   6.582893E+00   4.962601E+00   4.381334E-01   3.643270E-03
   6.601206E+00   5.017789E+00   4.309155E-01   3.621182E-03
   6.619571E+00   5.074026E+00   4.236561E-01   3.599107E-03
   6.637987E+00   5.130869E+00   4.166548E-01   3.577281E-03
   6.656454E+00   5.189079E+00   4.096225E-01   3.555475E-03
   6.674972E+00   5.248128E+00   4.026778E-01   3.533784E-03
   6.693542E+00   5.308282E+00   3.958362E-01   3.512219E-03
   6.712163E+00   5.369638E+00   3.890963E-01   3.490780E-03
   6.730836E+00   5.431925E+00   3.824566E-01   3.469466E-03
   6.749562E+00   5.495286E+00   3.758417E-01   3.448215E-03
   6.768339E+00   5.559715E+00   3.692562E-01   3.427029E-03
   6.787169E+00   5.625223E+00   3.628246E-01   3.406014E-03
   6.806051E+00   5.692051E+00   3.565319E-01   3.385157E-03
   6.824985E+00   5.759870E+00   3.502398E-01   3.364342E-03
   6.843972E+00   5.829039E+00   3.440148E-01   3.343624E-03
   6.863012E+00   5.899829E+00   3.377994E-01   3.322952E-03
   6.882105E+00   5.971395E+00   3.317781E-01   3.302489E-03
   6.901251E+00   6.044737E+00   3.257400E-01   3.282049E-03
   6.920451E+00   6.119179E+00   3.199151E-01   3.261836E-03
   6.939703E+00   6.195010E+00   3.140531E-01   3.241628E-03
   6.959010E+00   6.272555E+00   3.082824E-01   3.221539E-03
   6.978370E+00   6.351496E+00   3.024819E-01   3.201458E-03
   6.997784E+00   6.431983E+00   2.968818E-01   3.181596E-03
   7.017251E+00   6.514306E+00   2.912706E-01   3.161758E-03
   7.036773E+00   6.597813E+00   2.858400E-01   3.142124E-03
   7.056350E+00   6.683082E+00   2.804112E-01   3.122527E-03
   7.075981E+00   6.770237E+00   2.749526E-01   3.102934E-03
   7.095666E+00   6.859396E+00   2.696546E-01   3.083527E-03
   7.115406E+00   6.950112E+00   2.643750E-01   3.064169E-03
   7.135201E+00   7.042727E+00   2.592447E-01   3.044989E-03
   7.155052E+00   7.137284E+00   2.541378E-01   3.025863E-03
   7.174957E+00   7.234123E+00   2.490032E-01   3.006740E-03
   7.194918E+00   7.332740E+00   2.440094E-01   2.987787E-03
   7.214934E+00   7.433557E+00   2.390444E-01   2.968892E-03
   7.235006E+00   7.536660E+00   2.341351E-01   2.950082E-03
   7.255134E+00   7.642005E+00   2.293085E-01   2.931385E-03
   7.275318E+00   7.749597E+00   2.245634E-01   2.912799E-03
   7.295558E+00   7.859595E+00   2.198187E-01   2.894241E-03
   7.315854E+00   7.972115E+00   2.152120E-01   2.875854E-03
   7.336207E+00   8.087124E+00   2.106254E-01   2.857515E-03
   7.356616E+00   8.205007E+00   2.060161E-01   2.839175E-03
   7.377082E+00   8.325523E+00   2.015520E-01   2.821016E-03
   7.397605E+00   8.448962E+00   1.970984E-01   2.802893E-03
   7.418186E+00   8.575641E+00   1.927099E-01   2.784863E-03
   7.438823E+00   8.704730E+00   1.883995E-01   2.766943E-03
   7.459518E+00   8.837697E+00   1.840779E-01   2.749031E-03
   7.480270E+00   8.973557E+00   1.798292E-01   2.731221E-03
   7.501081E+00   9.112775E+00   1.756578E-01   2.713520E-03
   7.521949E+00   9.255796E+00   1.715543E-01   2.695916E-03
   7.542875E+00   9.402368E+00   1.674459E-01   2.678324E-03
   7.563859E+00   9.552508E+00   1.633983E-01   2.660821E-03
   7.584902E+00   9.707052E+00   1.593768E-01   2.643365E-03
   7.606003E+00   9.865346E+00   1.554726E-01   2.626065E-03
   7.627163E+00   1.002787E+01   1.515828E-01   2.608797E-03
   7.648382E+00   1.019510E+01   1.477354E-01   2.591595E-03
   7.669660E+00   1.036699E+01   1.439140E-01   2.574438E-03
   7.690997E+00   1.054330E+01   1.401678E-01   2.557386E-03
   7.712393E+00   1.072475E+01   1.364503E-01   2.540380E-03
   7.733849E+00   1.091161E+01   1.327748E-01   2.523438E-03
   7.755365E+00   1.110365E+01   1.291738E-01   2.506601E-03
   7.776940E+00   1.130132E+01   1.255874E-01   2.489790E-03
   7.798576E+00   1.150463E+01   1.220595E-01   2.473062E-03
   7.820271E+00   1.171475E+01   1.185374E-01   2.456346E-03
   7.842027E+00   1.193119E+01   1.150849E-01   2.439727E-03
   7.863844E+00   1.215400E+01   1.116940E-01   2.423196E-03
   7.885721E+00   1.238418E+01   1.083195E-01   2.406687E-03
   7.907659E+00   1.262154E+01   1.049956E-01   2.390249E-03
   7.929659E+00   1.286674E+01   1.017024E-01   2.373851E-03
   7.951719E+00   1.311995E+01   9.844886E-02   2.357506E-03
   7.973841E+00   1.338176E+01   9.523987E-02   2.341220E-03
   7.996024E+00   1.365202E+01   9.210538E-02   2.325038E-03
   8.018269E+00   1.393189E+01   8.899354E-02   2.308881E-03
   8.040576E+00   1.422146E+01   8.588906E-02   2.292722E-03
   8.062945E+00   1.452201E+01   8.284707E-02   2.276647E-03
   8.085376E+00   1.483326E+01   7.982972E-02   2.260593E-03
   8.107870E+00   1.515582E+01   7.686843E-02   2.244611E-03
   8.130426E+00   1.549083E+01   7.392083E-02   2.228629E-03
   8.153045E+00   1.583869E+01   7.102117E-02   2.212702E-03
   8.175726E+00   1.619943E+01   6.819878E-02   2.196880E-03
   8.198471E+00   1.657485E+01   6.536768E-02   2.181012E-03
   8.221280E+00   1.696574E+01   6.259281E-02   2.165208E-03
   8.244151E+00   1.737316E+01   5.984883E-02   2.149423E-03
   8.267087E+00   1.779731E+01   5.716948E-02   2.133714E-03
   8.290086E+00   1.823997E+01   5.451578E-02   2.118009E-03
   8.313149E+00   1.870196E+01   5.189054E-02   2.102308E-03
   8.336276E+00   1.918484E+01   4.929659E-02   2.086612E-03
   8.359468E+00   1.968917E+01   4.677333E-02   2.070998E-03
   8.382724E+00   2.021806E+01   4.428521E-02   2.055390E-03
   8.406044E+00   2.077269E+01   4.182251E-02   2.039764E-03
   8.429430E+00   2.135467E+01   3.938736E-02   2.024117E-03
   8.452881E+00   2.196541E+01   3.701987E-02   2.008531E-03
   8.476397E+00   2.260738E+01   3.469836E-02   1.992956E-03
   8.499978E+00   2.328325E+01   3.242571E-02   1.977392E-03
   8.523625E+00   2.399802E+01   3.016822E-02   1.961750E-03
   8.547338E+00   2.475224E+01   2.798586E-02   1.946167E-03
   8.571117E+00   2.554987E+01   2.584021E-02   1.930541E-03
   8.594962E+00   2.639436E+01   2.373897E-02   1.914879E-03
   8.618873E+00   2.729022E+01   2.169529E-02   1.899204E-03
   8.642851E+00   2.824436E+01   1.971592E-02   1.883525E-03
   8.666895E+00   2.926204E+01   1.777996E-02   1.867765E-03
   8.691007E+00   3.034795E+01   1.590907E-02   1.851970E-03
   8.715185E+00   3.150871E+01   1.411148E-02   1.836150E-03
   8.739431E+00   3.275331E+01   1.238122E-02   1.820263E-03
   8.763744E+00   3.409646E+01   1.071858E-02   1.804279E-03
   8.788125E+00   3.554572E+01   9.140428E-03   1.788229E-03
   8.812573E+00   3.711223E+01   7.657136E-03   1.772122E-03
   8.837090E+00   3.881248E+01   6.266997E-03   1.755905E-03
   8.861675E+00   4.066899E+01   4.972609E-03   1.739525E-03
   8.886328E+00   4.270785E+01   3.791830E-03   1.722991E-03
   8.911050E+00   4.494875E+01   2.747309E-03   1.706346E-03
   8.935841E+00   4.742566E+01   1.847523E-03   1.689533E-03
   8.960700E+00   5.018013E+01   1.105668E-03   1.672463E-03
   8.985629E+00   5.328331E+01   5.525166E-04   1.655166E-03
   9.010627E+00   5.678657E+01   2.163721E-04   1.637614E-03
   9.035695E+00   6.076720E+01   1.316152E-04   1.619769E-03
   9.060832E+00   6.535323E+01   3.424150E-04   1.601560E-03
   9.086039E+00   7.074410E+01   9.135513E-04   1.582836E-03
   9.111317E+00   7.711806E+01   1.919399E-03   1.563624E-03
   9.136664E+00   8.478037E+01   3.458335E-03   1.543838E-03
   9.162083E+00   9.426445E+01   5.686243E-03   1.523255E-03
   9.187572E+00   1.064449E+02   8.841309E-03   1.501599E-03
   9.213132E+00   1.224991E+02   1.321048E-02   1.478752E-03
   9.238763E+00   1.447243E+02   1.927551E-02   1.454349E-03
   9.264465E+00   1.791249E+02   2.816089E-02   1.427236E-03
   9.290239E+00   2.384844E+02   4.158514E-02   1.396520E-03
   9.316084E+00   3.592525E+02   6.269947E-02   1.361104E-03
   9.342002E+00   6.257938E+02   9.234533E-02   1.324799E-03
   9.367991E+00   9.672550E+02   1.144788E-01   1.302743E-03
   9.394053E+00   1.234065E+03   1.266702E-01   1.291576E-03
   9.420187E+00   1.426131E+03   1.342300E-01   1.284914E-03
   9.446394E+00   1.563774E+03   1.392988E-01   1.280198E-03
   9.472674E+00   1.675605E+03   1.438028E-01   1.276019E-03
   9.499027E+00   1.769716E+03   1.480343E-01   1.272005E-03
   9.525454E+00   1.849161E+03   1.519493E-01   1.267946E-03
   9.551954E+00   1.919780E+03   1.558157E-01   1.263735E-03
   9.578527E+00   1.983955E+03   1.596913E-01   1.259314E-03
   9.605175E+00   2.041978E+03   1.634716E-01   1.254641E-03
   9.631896E+00   2.095814E+03   1.672485E-01   1.249712E-03
   9.658692E+00   2.146344E+03   1.710354E-01   1.244526E-03
   9.685563E+00   2.193295E+03   1.747519E-01   1.239041E-03
   9.712508E+00   2.237577E+03   1.784403E-01   1.233277E-03
   9.739529E+00   2.279504E+03   1.821040E-01   1.227220E-03
   9.766624E+00   2.318434E+03   1.856540E-01   1.220804E-03
   9.793795E+00   2.354945E+03   1.891289E-01   1.214036E-03
   9.821041E+00   2.388855E+03   1.925052E-01   1.206859E-03
   9.848363E+00   2.419238E+03   1.957040E-01   1.199119E-03
   9.875762E+00   2.446269E+03   1.987525E-01   1.190768E-03
   9.903236E+00   2.468758E+03   2.016032E-01   1.181527E-03
   9.930787E+00   2.485418E+03   2.042769E-01   1.170965E-03
   9.958415E+00   2.495424E+03   2.069089E-01   1.158633E-03
   9.986119E+00   2.495971E+03   2.101392E-01   1.142597E-03
   1.001390E+01   2.488284E+03   2.157861E-01   1.120220E-03
   1.004176E+01   2.485932E+03   2.305585E-01   1.084040E-03
   1.006970E+01   2.502488E+03   2.714453E-01   1.031206E-03
   1.009771E+01   2.606339E+03   4.309496E-01   9.918770E-04
   1.012580E+01   4.595652E+03   1.131204E+00   8.148060E-04
   1.015397E+01   6.482524E+03   1.403627E+00   8.564093E-04
   1.018222E+01   5.264010E+03   8.296546E-01   1.089145E-03
   1.021055E+01   4.288151E+03   5.427767E-01   1.180386E-03
   1.023895E+01   3.568064E+03   3.701966E-01   1.219340E-03
   1.026744E+01   3.172379E+03   2.796028E-01   1.185525E-03
   1.029600E+01   3.112365E+03   2.669673E-01   1.136456E-03
   1.032465E+01   3.125481E+03   2.752396E-01   1.093149E-03
   1.035337E+01   3.140303E+03   2.993714E-01   1.038266E-03
   1.038217E+01   3.386904E+03   4.471469E-01   9.394001E-04
   1.041105E+01   6.072098E+03   1.471595E+00   7.119105E-04
   1.044002E+01   7.230202E+03   1.630317E+00   8.620953E-04
   1.046906E+01   5.337892E+03   8.507785E-01   1.071486E-03
   1.049819E+01   4.731764E+03   6.479356E-01   1.101771E-03
   1.052739E+01   4.541812E+03   5.851240E-01   1.097991E-03
   1.055668E+01   4.466995E+03   5.586337E-01   1.089662E-03
   1.058605E+01   4.448055E+03   5.489629E-01   1.080358E-03
   1.061550E+01   4.457529E+03   5.476792E-01   1.070988E-03
   1.064503E+01   4.485161E+03   5.517118E-01   1.061684E-03
   1.067465E+01   4.525776E+03   5.595900E-01   1.052465E-03
   1.070434E+01   4.576310E+03   5.704664E-01   1.043261E-03
   1.073412E+01   4.634854E+03   5.838959E-01   1.034100E-03
   1.076399E+01   4.700620E+03   5.997079E-01   1.024872E-03
   1.079393E+01   4.773658E+03   6.180345E-01   1.015537E-03
   1.082396E+01   4.852758E+03   6.386415E-01   1.006082E-03
   1.085407E+01   4.939320E+03   6.620845E-01   9.963804E-04
   1.088427E+01   5.032819E+03   6.883885E-01   9.864092E-04
   1.091455E+01   5.134028E+03   7.180479E-01   9.761293E-04
   1.094491E+01   5.243692E+03   7.515295E-01   9.653805E-04
   1.097536E+01   5.362555E+03   7.895117E-01   9.541600E-04
   1.100590E+01   5.492732E+03   8.331215E-01   9.422029E-04
   1.103651E+01   5.634702E+03   8.832006E-01   9.294428E-04
   1.106722E+01   5.791514E+03   9.417479E-01   9.156053E-04
   1.109801E+01   5.964713E+03   1.010545E+00   9.004365E-04
   1.112888E+01   6.160519E+03   1.093883E+00   8.833158E-04
   1.115984E+01   6.379464E+03   1.194749E+00   8.639775E-04
   1.119089E+01   6.635085E+03   1.323536E+00   8.409237E-04
   1.122202E+01   6.930550E+03   1.489317E+00   8.132546E-04
   1.125324E+01   7.288465E+03   1.718105E+00   7.778417E-04
   1.128455E+01   7.728609E+03   2.051174E+00   7.304643E-04
   1.131594E+01   8.291925E+03   2.591496E+00   6.613550E-04
   1.134742E+01   9.013182E+03   3.637823E+00   5.451488E-04
   1.137899E+01   9.281920E+03   5.666316E+00   3.203674E-04
   1.141065E+01   5.758505E+03   5.270593E+00  -1.401908E-04
   1.144239E+01   2.763281E+03   3.159582E+00   4.433452E-05
   1.147423E+01   1.449704E+03   2.064104E+00   3.745125E-03
   1.150615E+01   7.990049E+02   1.498932E+00   4.037773E-03
   1.153816E+01   5.679189E+02   1.153944E+00   3.233857E-03
   1.157026E+01   4.479689E+02   9.386537E-01   2.764441E-03
   1.160244E+01   3.749595E+02   7.846644E-01   2.457530E-03
   1.163472E+01   3.331358E+02   6.697889E-01   2.242284E-03
   1.166709E+01   3.135721E+02   5.782191E-01   2.077116E-03
   1.169955E+01   3.145755E+02   5.021306E-01   1.942638E-03
   1.173210E+01   3.454812E+02   4.370633E-01   1.827738E-03
   1.176474E+01   4.187192E+02   3.798717E-01   1.724488E-03
   1.179747E+01   5.713577E+02   3.321071E-01   1.630357E-03
   1.183029E+01   8.578826E+02   3.074500E-01   1.556098E-03
   1.186320E+01   1.237616E+03   3.306610E-01   1.531122E-03
   1.189620E+01   1.423598E+03   4.001819E-01   1.593369E-03
   1.192930E+01   1.230076E+03   4.513158E-01   1.707713E-03
   1.196248E+01   8.724288E+02   4.522964E-01   1.776900E-03
   1.199576E+01   5.842910E+02   4.185355E-01   1.758615E-03
   1.202914E+01   4.101024E+02   3.812151E-01   1.707920E-03
   1.206260E+01   3.056351E+02   3.482520E-01   1.654417E-03
   1.209616E+01   2.407794E+02   3.205622E-01   1.606069E-03
   1.212981E+01   1.976642E+02   2.971569E-01   1.563450E-03
   1.216356E+01   1.672732E+02   2.770085E-01   1.525603E-03
   1.219740E+01   1.450973E+02   2.594840E-01   1.491774E-03
   1.223133E+01   1.283210E+02   2.440418E-01   1.461196E-03
   1.226536E+01   1.151496E+02   2.301973E-01   1.433118E-03
   1.229948E+01   1.045857E+02   2.177052E-01   1.407174E-03
   1.233370E+01   9.600915E+01   2.064124E-01   1.383141E-03
   1.236801E+01   8.885426E+01   1.960678E-01   1.360608E-03
   1.240242E+01   8.281156E+01   1.865137E-01   1.339317E-03
   1.243692E+01   7.766968E+01   1.777233E-01   1.319249E-03
   1.247152E+01   7.324166E+01   1.695660E-01   1.300187E-03
   1.250622E+01   6.938527E+01   1.619676E-01   1.282014E-03
   1.254101E+01   6.600168E+01   1.548508E-01   1.264604E-03
   1.257590E+01   6.303165E+01   1.481903E-01   1.247924E-03
   1.261088E+01   6.039799E+01   1.419452E-01   1.231914E-03
   1.264597E+01   5.805020E+01   1.360428E-01   1.216446E-03
   1.268115E+01   5.594965E+01   1.304876E-01   1.201542E-03
   1.271643E+01   5.407243E+01   1.252223E-01   1.187101E-03
   1.275180E+01   5.238590E+01   1.202400E-01   1.173121E-03
   1.278728E+01   5.086403E+01   1.155154E-01   1.159562E-03
   1.282285E+01   4.949093E+01   1.110174E-01   1.146368E-03
   1.285853E+01   4.825499E+01   1.067242E-01   1.133505E-03
   1.289430E+01   4.713883E+01   1.026508E-01   1.121011E-03
   1.293017E+01   4.613070E+01   9.875676E-02   1.108811E-03
   1.296614E+01   4.522167E+01   9.503961E-02   1.096906E-03
   1.300222E+01   4.440179E+01   9.148157E-02   1.085265E-03
   1.303839E+01   4.366552E+01   8.806182E-02   1.073849E-03
   1.307466E+01   4.301035E+01   8.479516E-02   1.062696E-03
   1.311103E+01   4.242392E+01   8.165460E-02   1.051752E-03
   1.314751E+01   4.190472E+01   7.863999E-02   1.041023E-03
   1.318409E+01   4.144727E+01   7.574860E-02   1.030508E-03
   1.322076E+01   4.104850E+01   7.295359E-02   1.020148E-03
   1.325754E+01   4.070885E+01   7.026597E-02   1.009976E-03
   1.329443E+01   4.042178E+01   6.768476E-02   9.999919E-04
   1.333141E+01   4.018509E+01   6.519100E-02   9.901561E-04
   1.336850E+01   3.999624E+01   6.278877E-02   9.804822E-04
   1.340569E+01   3.985703E+01   6.046095E-02   9.709315E-04
   1.344299E+01   3.976196E+01   5.821404E-02   9.615237E-04
   1.348039E+01   3.971353E+01   5.604563E-02   9.522564E-04
   1.351789E+01   3.970747E+01   5.394175E-02   9.430970E-04
   1.355549E+01   3.974681E+01   5.191284E-02   9.340756E-04
   1.359321E+01   3.983020E+01   4.994825E-02   9.251677E-04
   1.363102E+01   3.995511E+01   4.803923E-02   9.163526E-04
   1.366894E+01   4.012270E+01   4.618201E-02   9.076220E-04
   1.370697E+01   4.033381E+01   4.439598E-02   8.990316E-04
   1.374510E+01   4.058981E+01   4.265794E-02   8.905205E-04
   1.378334E+01   4.088867E+01   4.097171E-02   8.821011E-04
   1.382169E+01   4.123311E+01   3.932871E-02   8.737510E-04
   1.386014E+01   4.162474E+01   3.773948E-02   8.655024E-04
   1.389870E+01   4.206609E+01   3.619083E-02   8.573190E-04
   1.393737E+01   4.255634E+01   3.468308E-02   8.492029E-04
   1.397614E+01   4.309863E+01   3.321574E-02   8.411539E-04
   1.401502E+01   4.369470E+01   3.179075E-02   8.331795E-04
   1.405401E+01   4.434821E+01   3.040293E-02   8.252651E-04
   1.409311E+01   4.506247E+01   2.905374E-02   8.174163E-04
   1.413232E+01   4.583685E+01   2.774260E-02   8.096329E-04
   1.417163E+01   4.668157E+01   2.645986E-02   8.018839E-04
   1.421106E+01   4.759751E+01   2.520967E-02   7.941833E-04
   1.425059E+01   4.858996E+01   2.399302E-02   7.865350E-04
   1.429024E+01   4.966707E+01   2.280480E-02   7.789219E-04
   1.432999E+01   5.083242E+01   2.164928E-02   7.713589E-04
   1.436986E+01   5.209391E+01   2.051844E-02   7.638174E-04
   1.440984E+01   5.346280E+01   1.942046E-02   7.563267E-04
   1.444993E+01   5.494805E+01   1.834387E-02   7.488438E-04
   1.449013E+01   5.655854E+01   1.729315E-02   7.413839E-04
   1.453044E+01   5.831098E+01   1.626873E-02   7.339473E-04
   1.457086E+01   6.021705E+01   1.527444E-02   7.265480E-04
   1.461140E+01   6.229859E+01   1.429738E-02   7.191319E-04
   1.465205E+01   6.457334E+01   1.334540E-02   7.117273E-04
   1.469281E+01   6.706676E+01   1.241551E-02   7.043182E-04
   1.473368E+01   6.980658E+01   1.151046E-02   6.969121E-04
   1.477467E+01   7.282849E+01   1.062407E-02   6.894757E-04
   1.481578E+01   7.617194E+01   9.766080E-03   6.820474E-04
   1.485699E+01   7.988789E+01   8.924940E-03   6.745641E-04
   1.489833E+01   8.403512E+01   8.107733E-03   6.670492E-04
   1.493977E+01   8.868969E+01   7.316043E-03   6.594989E-04
   1.498134E+01   9.394886E+01   6.548490E-03   6.518906E-04
   1.502301E+01   9.992446E+01   5.804923E-03   6.442028E-04
   1.506481E+01   1.067701E+02   5.086721E-03   6.364157E-04
   1.510672E+01   1.146730E+02   4.401308E-03   6.285415E-04
   1.514875E+01   1.238927E+02   3.748045E-03   6.205313E-04
   1.519089E+01   1.347643E+02   3.135691E-03   6.123854E-04
   1.523315E+01   1.477562E+02   2.569354E-03   6.040569E-04
   1.527553E+01   1.635162E+02   2.061756E-03   5.955277E-04
   1.531803E+01   1.829765E+02   1.627367E-03   5.867430E-04
   1.536064E+01   2.075018E+02   1.294539E-03   5.777117E-04
   1.540338E+01   2.392011E+02   1.096371E-03   5.683406E-04
   1.544623E+01   2.809715E+02   1.093688E-03   5.586906E-04
   1.548920E+01   3.368620E+02   1.369409E-03   5.488727E-04
   1.553229E+01   4.110952E+02   2.024485E-03   5.391807E-04
   1.557550E+01   5.049338E+02   3.129216E-03   5.302159E-04
   1.561883E+01   6.125664E+02   4.640169E-03   5.226016E-04
   1.566228E+01   7.224587E+02   6.386632E-03   5.166501E-04
   1.570586E+01   8.259890E+02   8.204782E-03   5.121326E-04
   1.574955E+01   9.202116E+02   1.000927E-02   5.086656E-04
   1.579337E+01   1.005147E+03   1.176710E-02   5.059432E-04
   1.583730E+01   1.082008E+03   1.347463E-02   5.037602E-04
   1.588136E+01   1.152035E+03   1.513621E-02   5.019948E-04
   1.592554E+01   1.216396E+03   1.676208E-02   5.005905E-04
   1.596985E+01   1.276321E+03   1.837289E-02   4.995091E-04
   1.601428E+01   1.332435E+03   1.997992E-02   4.987636E-04
   1.605883E+01   1.385092E+03   2.159317E-02   4.983961E-04
   1.610351E+01   1.434151E+03   2.321509E-02   4.985022E-04
   1.614831E+01   1.479448E+03   2.485385E-02   4.991683E-04
   1.619323E+01   1.520158E+03   2.650754E-02   5.005595E-04
   1.623828E+01   1.554716E+03   2.816087E-02   5.028793E-04
   1.628345E+01   1.580007E+03   2.976654E-02   5.064673E-04
   1.632876E+01   1.591446E+03   3.124574E-02   5.117260E-04
   1.637418E+01   1.582119E+03   3.244819E-02   5.190685E-04
   1.641974E+01   1.542092E+03   3.312052E-02   5.288823E-04
   1.646542E+01   1.457108E+03   3.277488E-02   5.410384E-04
   1.651122E+01   1.322157E+03   3.104404E-02   5.538095E-04
   1.655716E+01   1.147034E+03   2.783424E-02   5.637446E-04
   1.660322E+01   9.593704E+02   2.353025E-02   5.670051E-04
   1.664941E+01   7.909694E+02   1.901077E-02   5.629424E-04
   1.669573E+01   6.564968E+02   1.493943E-02   5.538812E-04
   1.674218E+01   5.555418E+02   1.153288E-02   5.422999E-04
   1.678875E+01   4.819544E+02   8.788095E-03   5.298826E-04
   1.683546E+01   4.284941E+02   6.608933E-03   5.174816E-04
   1.688229E+01   3.902126E+02   4.892283E-03   5.053858E-04
   1.692926E+01   3.635380E+02   3.560124E-03   4.937062E-04
   1.697636E+01   3.456983E+02   2.548142E-03   4.824129E-04
   1.702359E+01   3.353926E+02   1.817639E-03   4.714312E-04
   1.707095E+01   3.317516E+02   1.347084E-03   4.606956E-04
   1.711844E+01   3.343661E+02   1.128195E-03   4.501183E-04
   1.716606E+01   3.439586E+02   1.172529E-03   4.395776E-04
   1.721382E+01   3.614594E+02   1.507509E-03   4.290027E-04
   1.726171E+01   3.891027E+02   2.184274E-03   4.182909E-04
   1.730973E+01   4.312778E+02   3.292029E-03   4.072985E-04
   1.735789E+01   4.938739E+02   4.937628E-03   3.960021E-04
   1.740617E+01   5.864556E+02   7.244129E-03   3.844185E-04
   1.745460E+01   7.134166E+02   1.014717E-02   3.730430E-04
   1.750316E+01   8.608348E+02   1.319155E-02   3.629113E-04
   1.755185E+01   9.965151E+02   1.574476E-02   3.550371E-04
   1.760068E+01   1.102770E+03   1.764463E-02   3.493338E-04
   1.764965E+01   1.180192E+03   1.903290E-02   3.451570E-04
   1.769875E+01   1.238838E+03   2.015667E-02   3.417071E-04
   1.774799E+01   1.284441E+03   2.113103E-02   3.385278E-04
   1.779736E+01   1.321527E+03   2.203984E-02   3.353579E-04
   1.784687E+01   1.351959E+03   2.291996E-02   3.320561E-04
   1.789652E+01   1.376760E+03   2.379764E-02   3.285877E-04
   1.794631E+01   1.395856E+03   2.469254E-02   3.249521E-04
   1.799624E+01   1.408462E+03   2.562700E-02   3.212414E-04
   1.804630E+01   1.412995E+03   2.665103E-02   3.176087E-04
   1.809651E+01   1.407868E+03   2.789047E-02   3.142623E-04
   1.814685E+01   1.394517E+03   2.970695E-02   3.111265E-04
   1.819734E+01   1.383489E+03   3.288677E-02   3.071950E-04
   1.824796E+01   1.398363E+03   3.869895E-02   3.005620E-04
   1.829873E+01   1.465839E+03   4.849299E-02   2.899954E-04
   1.834964E+01   1.608813E+03   6.357767E-02   2.751298E-04
   1.840069E+01   1.843770E+03   8.545404E-02   2.553235E-04
   1.845188E+01   2.189012E+03   1.157729E-01   2.305249E-04
   1.850321E+01   2.652293E+03   1.555895E-01   2.036596E-04
   1.855469E+01   3.210890E+03   2.028579E-01   1.801683E-04
   1.860631E+01   3.795338E+03   2.510054E-01   1.639424E-04
   1.865807E+01   4.321944E+03   2.916205E-01   1.556410E-04
   1.870997E+01   4.738760E+03   3.188676E-01   1.541939E-04
   1.876203E+01   5.028002E+03   3.309508E-01   1.582101E-04
   1.881422E+01   5.181625E+03   3.273726E-01   1.669227E-04
   1.886656E+01   5.198902E+03   3.100249E-01   1.795295E-04
   1.891905E+01   5.087757E+03   2.823954E-01   1.951345E-04
   1.897168E+01   4.877654E+03   2.497231E-01   2.121968E-04
   1.902446E+01   4.628728E+03   2.186032E-01   2.284420E-04
   1.907739E+01   4.398002E+03   1.931565E-01   2.415827E-04
   1.913046E+01   4.221431E+03   1.749220E-01   2.502629E-04
   1.918368E+01   4.107628E+03   1.633425E-01   2.545551E-04
   1.923705E+01   4.056432E+03   1.576930E-01   2.549240E-04
   1.929057E+01   4.065950E+03   1.576130E-01   2.519557E-04
   1.934424E+01   4.136059E+03   1.633400E-01   2.461371E-04
   1.939805E+01   4.270995E+03   1.761240E-01   2.378080E-04
   1.945202E+01   4.470147E+03   1.978414E-01   2.276743E-04
   1.950613E+01   4.704415E+03   2.288218E-01   2.174834E-04
   1.956040E+01   4.897327E+03   2.645016E-01   2.099780E-04
   1.961482E+01   4.924737E+03   2.920778E-01   2.084946E-04
   1.966939E+01   4.680784E+03   2.964980E-01   2.163364E-04
   1.972411E+01   4.147979E+03   2.704652E-01   2.410853E-04
   1.977898E+01   3.491340E+03   2.257325E-01   2.918350E-04
   1.983400E+01   2.922160E+03   1.836284E-01   3.600056E-04
   1.988918E+01   2.458373E+03   1.500115E-01   4.307727E-04
   1.994451E+01   2.071405E+03   1.222646E-01   4.918421E-04
   2.000000E+01   1.757079E+03   9.917028E-02   5.299467E-04
